rt_source,rt_target_predicted,ci_lower,ci_upper
2,3.2011031767267464,2.5834182987810483,3.8187880546724444
2.0067167167167166,3.2118089000694767,2.5962844152376063,3.827333384901347
2.0134334334334336,3.2225143554258393,2.6091305454486884,3.8358981654029902
2.02015015015015,3.233219274809464,2.6219561539030862,3.844482395715842
2.026866866866867,3.2439233902339835,2.634760710585459,3.853086069882508
2.0335835835835834,3.2546264337130286,2.6475436911549064,3.861709176271151
2.0403003003003004,3.2653281372602314,2.6603045771238545,3.8703516973966083
2.047017017017017,3.2760282328892214,2.673042856037027,3.8790136097414156
2.0537337337337336,3.286726452613632,2.6857580216503196,3.8876948835769447
2.0604504504504506,3.297422528447095,2.6984495741093077,3.8963954827848823
2.067167167167167,3.3081161924032387,2.711117020127213,3.9051153646792645
2.073883883883884,3.3188071764956977,2.723759873162061,3.913854479829334
2.080600600600601,3.329495212738104,2.736377653592785,3.9226127718834234
2.0873173173173174,3.3401800331440845,2.7489698888940395,3.9313901773941295
2.094034034034034,3.350861369727275,2.761536113809482,3.9401866256450684
2.1007507507507506,3.3615389545013055,2.7740758705232116,3.9490020384793993
2.1074674674674676,3.3722125194798074,2.7865887088291617,3.957836330130453
2.114184184184184,3.3828817966764104,2.7990741862981308,3.96668940705469
2.1209009009009008,3.39354651810475,2.811531868442202,3.9755611677672977
2.127617617617618,3.4042064157784533,2.8239613288762486,3.984451502680658
2.1343343343343344,3.4148612217111554,2.836362149476288,3.9933602939460227
2.141051051051051,3.4255106679164844,2.8487339205343423,4.0022874152986265
2.1477677677677676,3.436154486408074,2.8610762409095916,4.011232731906556
2.1544844844844846,3.4467924091995545,2.8733887181754696,4.0201961002236395
2.161201201201201,3.4574241683045592,2.8856709687624624,4.029177367846656
2.1679179179179178,3.468049495736717,2.8979226180963096,4.038176373377125
2.174634634634635,3.47866812350966,2.910143300731333,4.047192946287987
2.1813513513513514,3.48927978363702,2.922332660478614,4.056226906795426
2.188068068068068,3.4998842081324297,2.9344903505287405,4.065278065736119
2.194784784784785,3.5104811290095177,2.946616033568856,4.07434622445018
2.2015015015015016,3.521070278281918,2.9587093818937533,4.083431174670083
2.208218218218218,3.53165138796326,2.97077007751074,4.09253269841578
2.2149349349349348,3.5422241900671767,2.9827978122380445,4.101650567896309
2.221651651651652,3.552788416607299,2.9947922877964825,4.110784545418115
2.2283683683683684,3.563343799597258,3.0067532158942063,4.1199343833003095
2.235085085085085,3.5738900710506853,3.0186803183042494,4.129099823797121
2.241801801801802,3.584426962981213,3.030573326934693,4.138280599027733
2.2485185185185186,3.594954207402472,3.0424319838912357,4.147476430913708
2.255235235235235,3.605471536328094,3.054256041531972,4.156687031124216
2.2619519519519518,3.6159786817717086,3.066045262514211,4.165912101029206
2.268668668668669,3.626475375746951,3.07779941983316,4.175151331660742
2.2753853853853854,3.636961350267448,3.0895182968523023,4.184404403682593
2.282102102102102,3.6474363373468335,3.101201687325397,4.19367098736827
2.288818818818819,3.6579000689987398,3.112849395409886,4.202950742587594
2.2955355355355356,3.6683522772367976,3.124461235671673,4.212243318801923
2.302252252252252,3.6787926940746365,3.1360370330811533,4.22154835506812
2.308968968968969,3.6892210515258914,3.147576623000433,4.23086548005135
2.315685685685686,3.6996370816041906,3.1590798511616516,4.24019431204673
2.3224024024024024,3.710040516323166,3.170546573636409,4.249534459009922
2.3291191191191194,3.720431087696452,3.181976656796248,4.258885518596656
2.335835835835836,3.730808527737676,3.1933699772641715,4.26824707821118
2.3425525525525526,3.7411725684604726,3.204726421857253,4.277618715063692
2.349269269269269,3.7515229418784695,3.2160458875203153,4.286999996236624
2.355985985985986,3.761859380005301,3.227328281250767,4.296390478759835
2.3627027027027028,3.7721816148546,3.238573520014625,4.305789709694575
2.3694194194194194,3.782489378439993,3.249781530653821,4.315197226226165
2.376136136136136,3.7927824027751167,3.260952249784902,4.324612555765331
2.382852852852853,3.8030604198735984,3.272085623689198,4.334035216057999
2.3895695695695696,3.813323161749072,3.283181608194628,4.343464715303516
2.396286286286286,3.823570360415168,3.2942401685492557,4.35290055228108
2.403003003003003,3.8338017478855186,3.3052612792867726,4.362342216484265
2.4097197197197198,3.8440170561737537,3.3162449240840837,4.371789188263424
2.4164364364364364,3.854216017293506,3.327191095611159,4.381240938975853
2.4231531531531534,3.864398363258406,3.338099795373378,4.3906969311434345
2.42986986986987,3.8745638260820874,3.3489710335465634,4.400156618617611
2.4365865865865866,3.8847121377781773,3.3598048288049265,4.409619446751428
2.4433033033033036,3.8948430303603123,3.370601208142174,4.41908485257845
2.45002002002002,3.9049562358421195,3.3813602066859825,4.428552264998256
2.4567367367367368,3.915051486237232,3.392081867506147,4.438021104968317
2.4634534534534533,3.925128513559282,3.4027662414166087,4.447490785701956
2.4701701701701704,3.935187049821901,3.41341338677166,4.456960712872142
2.476886886886887,3.94522682703872,3.424023369256594,4.466430284820846
2.4836036036036035,3.9552475772233677,3.4345962616730668,4.475898892773669
2.49032032032032,3.9652490323894765,3.4451321437194697,4.485365921059483
2.497037037037037,3.9752309245506843,3.4556311017665813,4.494830747334787
2.5037537537537538,3.985192985720613,3.466093228628764,4.504292742812463
2.5104704704704703,3.995134947912901,3.47651862333108,4.513751272494722
2.5171871871871874,4.005056543141176,3.4869073908724797,4.523205695409873
2.523903903903904,4.014957503419071,3.497259641985477,4.532655364852665
2.5306206206206205,4.024837560760217,3.50757549289251,4.542099628627923
2.5373373373373376,4.034696447178245,3.517855065059312,4.551537829297178
2.544054054054054,4.044533894686789,3.528098484945561,4.560969304428017
2.5507707707707707,4.054349635299476,3.5383058837530617,4.5703933868458915
2.5574874874874878,4.064143401029941,3.548477397171782,4.579809404888101
2.5642042042042044,4.073914923891812,3.5586131651239388,4.589216682659686
2.570920920920921,4.083663935898725,3.5687133315064496,4.598614540291001
2.5776376376376375,4.093390169064307,3.5787780439319494,4.608002294196664
2.5843543543543546,4.103093355402195,3.5888074534686654,4.617379257335725
2.591071071071071,4.112773226926012,3.598801714379327,4.626744739472697
2.5977877877877877,4.122429515649397,3.608760983859394,4.6360980474394005
2.6045045045045043,4.1320619535859775,3.618685421774754,4.645438485397201
2.6112212212212214,4.141670272749388,3.628575190399151,4.654765355099625
2.617937937937938,4.151254205153256,3.6384304541514925,4.66407795615502
2.6246546546546545,4.160813482811217,3.6482513793332574,4.673375586289176
2.6313713713713716,4.170347837736898,3.658038133866126,4.68265754160767
2.638088088088088,4.179857001943934,3.6677908870300606,4.691923116857807
2.6448048048048047,4.189340707445954,3.6775098092019065,4.701171605690002
2.6515215215215218,4.198798686256593,3.687195071594712,4.710402300918474
2.6582382382382383,4.2082306703894785,3.6968468459978503,4.719614494781107
2.664954954954955,4.217636391858242,3.7064653045180824,4.728807479198401
2.671671671671672,4.227015582676519,3.7160506193216465,4.737980546031392
2.6783883883883886,4.236367974857939,3.725602962377434,4.747132987338444
2.685105105105105,4.2456933004161295,3.7351225052013897,4.756264095630869
2.691821821821822,4.254991291364729,3.744609418602144,4.765373164127314
2.6985385385385388,4.264261679717363,3.7540638724279156,4.77445948700681
2.7052552552552553,4.273504197487663,3.763486035314788,4.783522359660537
2.711971971971972,4.282718576689265,3.7728760744363132,4.792561078942217
2.7186886886886885,4.2919045493358,3.782234155254477,4.801574943417122
2.7254054054054055,4.3010618474408915,3.791560441272043,4.81056325360974
2.732122122122122,4.310190203018184,3.800855093786262,4.819525312250105
2.7388388388388387,4.319289348081296,3.8101182716438524,4.828460424518739
2.7455555555555557,4.328359014643865,3.81935013099735,4.837367898290379
2.7522722722722723,4.3373989347195225,3.8285508250626363,4.846247044376408
2.758988988988989,4.346408840321901,3.8377205038776827,4.85509717676612
2.765705705705706,4.355388463464632,3.8468593140624026,4.86391761286686
2.7724224224224225,4.36433753616134,3.8559673985795317,4.8727076737431485
2.779139139139139,4.373255790425664,3.8650448964964768,4.8814666843548515
2.785855855855856,4.382142958271232,3.8740919427479668,4.8901939737944975
2.7925725725725727,4.39099877171168,3.8831086678994744,4.898888875523886
2.7992892892892893,4.399822962760635,3.892095197911217,4.907550727610053
2.8060060060060064,4.408615263431727,3.9010516539026647,4.916178872960789
2.812722722722723,4.417375405738591,3.909978151917376,4.924772659559806
2.8194394394394395,4.426103121694858,3.9188748026880313,4.933331440701685
2.826156156156156,4.434798143314158,3.927741711401492,4.941854575226824
2.8328728728728727,4.443460202610121,3.9365789774637565,4.950341427756484
2.8395895895895897,4.452089031596383,3.9453866942645925,4.958791368928174
2.8463063063063063,4.460684362286574,3.954164948941692,4.9672037756314555
2.853023023023023,4.469245926694323,3.96291382214416,4.975578031244486
2.85973973973974,4.477773456833261,3.971633387795138,4.983913525871384
2.8664564564564565,4.486266684717023,3.980323712853357,4.992209656580689
2.873173173173173,4.494725342359238,3.9889848570733952,5.00046582764508
2.87988988988989,4.503149161773539,3.997616872764471,5.008681450782607
2.8866066066066067,4.511537874973554,4.006219804547482,5.016855945399626
2.8933233233233233,4.51989121397292,4.014793689110136,5.024988738835703
2.9000400400400403,4.528208910785262,4.023338554959857,5.033079266610667
2.906756756756757,4.5364906974242185,4.0318544221743124,5.041126972674125
2.9134734734734735,4.544736305903414,4.040341302149231,5.049131309657597
2.9201901901901905,4.552945468236485,4.048799197343349,5.057091739129622
2.926906906906907,4.561117916437061,4.057228101020131,5.06500773185399
2.9336236236236237,4.569253382518773,4.065627996986116,5.07287876805143
2.9403403403403403,4.577351598495251,4.0739988593255045,5.080704337664997
2.947057057057057,4.585412296380132,4.082340652130846,5.088483940629418
2.953773773773774,4.593435208187041,4.090653329229417,5.096217087144666
2.9604904904904905,4.601420065929613,4.0989368338855146,5.103903297973711
2.967207207207207,4.609366601621478,4.107191036366665,5.111542166876291
2.973923923923924,4.617274547276268,4.115415596610543,5.119133497941993
2.9806406406406407,4.625143634907616,4.123610125297695,5.1266771445175365
2.9873573573573573,4.6329735965291485,4.1317742245013624,5.134172968556935
2.9940740740740743,4.640764164154501,4.139907488086557,5.141620840222446
3.000790790790791,4.6485150697973054,4.148009502101942,5.149020637492669
3.0075075075075075,4.656226045471192,4.156079845164741,5.156372245777644
3.0142242242242245,4.663896823189793,4.164118088838836,5.16367555754075
3.020940940940941,4.6715271349667375,4.172123798006238,5.170930471927237
3.0276576576576577,4.679116712815658,4.1800965312321035,5.178136894399212
3.0343743743743747,4.686665288750189,4.188035841123457,5.18529473637692
3.041091091091091,4.694172594783954,4.195941274681771,5.192403914886136
3.047807807807808,4.701638362930593,4.203812373649606,5.199464352211581
3.054524524524525,4.7090623252037345,4.2116486748513635,5.206475975556105
3.061241241241241,4.7164442136170095,4.219449710528409,5.21343871670561
3.067957957957958,4.723783760184049,4.227215008668593,5.220352511699505
3.0746746746746747,4.731080696918482,4.234944093330371,5.227217300506594
3.0813913913913913,4.7383347558339475,4.242636484961607,5.234033026706288
3.0881081081081083,4.74554566894407,4.250291700713161,5.2407996371749785
3.094824824824825,4.752713168262481,4.257909254747403,5.247517081777559
3.1015415415415415,4.759836985802816,4.26548865854172,5.254185313063912
3.1082582582582585,4.766916853578705,4.273029421187101,5.260804285970308
3.114974974974975,4.773952503603778,4.280531049681904,5.267373957525652
3.1216916916916917,4.780943667891666,4.287993049220852,5.273894286562481
3.1284084084084087,4.7878900784560035,4.295414923479344,5.280365233432663
3.1351251251251253,4.79479146731042,4.302796174893112,5.286786759727727
3.141841841841842,4.801647566468547,4.3101363049333035,5.29315882800379
3.148558558558559,4.808458107944015,4.317434814376992,5.299481401511039
3.155275275275275,4.8152228237504575,4.324691203573185,5.30575444392773
3.161991991991992,4.821941445901504,4.331904972704323,5.311977919098685
3.168708708708709,4.828613706410788,4.339075622043319,5.318151790778257
3.1754254254254253,4.835239337291937,4.346202652206091,5.324276022377783
3.1821421421421423,4.841818070558589,4.353285564399676,5.330350576717502
3.188858858858859,4.848349638224368,4.360323860665812,5.336375415782925
3.1955755755755755,4.85483377230291,4.367317044120083,5.342350500485737
3.2022922922922925,4.861270204807847,4.374264619186522,5.348275790429173
3.209009009009009,4.867658667752807,4.3811660918276765,5.354151243677938
3.2157257257257257,4.8739988931514215,4.388020969770119,5.359976816532724
3.2224424424424427,4.880290613017326,4.394828762725341,5.365752463309311
3.2291591591591593,4.886533559364151,4.401588982605961,5.37147813612234
3.235875875875876,4.892727464205524,4.4083011437372495,5.377153784673798
3.242592592592593,4.898872059555081,4.414964763063861,5.3827793560463
3.2493093093093095,4.904967077426451,4.421579360351732,5.38835479450117
3.256026026026026,4.911012249833264,4.428144458385054,5.393880041281474
3.262742742742743,4.917007308789154,4.434659583158292,5.399355034420016
3.2694594594594593,4.92295198630775,4.4411242640630855,5.404779708552415
3.2761761761761763,4.928846014402686,4.4475380340700426,5.41015399473533
3.2828928928928933,4.934689125087594,4.453900429905255,5.415477820269933
3.2896096096096095,4.9404810503761025,4.460210992221488,5.420751108530717
3.2963263263263265,4.946221522281844,4.466469265763936,5.425973778799752
3.303043043043043,4.95191027281845,4.472674799530436,5.4311457461064645
3.3097597597597597,4.9575470339995515,4.478827146926035,5.436266921073068
3.3164764764764767,4.963131537838785,4.484925865911819,5.44133720976575
3.3231931931931933,4.968663516349773,4.490970519147863,5.446356513551683
3.32990990990991,4.974142701546152,4.496960674130245,5.45132472896206
3.336626626626627,4.979568825441555,4.50289590332194,5.45624174756117
3.3433433433433435,4.984941620049608,4.508775784277532,5.4611074558216846
3.35006006006006,4.990260817383947,4.51459989976163,5.4659217350062645
3.356776776776777,4.995526149458204,4.520367837860824,5.470684461055584
3.3634934934934937,5.000737348286007,4.52607919208911,5.475395504482904
3.3702102102102103,5.005894145880989,4.531733561486666,5.480054730275311
3.3769269269269273,5.01099627425678,4.537330550711825,5.4846619978017355
3.383643643643644,5.016043465427015,4.54286977012618,5.48921716072785
3.3903603603603605,5.021035451405323,4.548350835872661,5.4937200669379855
3.3970770770770775,5.025972116664315,4.553773522405486,5.498170710923144
3.4037937937937937,5.030854200525145,4.559138464943461,5.502569936106828
3.4105105105105107,5.035682740065875,4.564446602434745,5.506918877697005
3.4172272272272273,5.040458772668369,4.5696988801526865,5.511218665184052
3.423943943943944,5.0451833357145,4.574896249433435,5.515470421995566
3.430660660660661,5.049857466586131,4.580039667709667,5.5196752654625945
3.4373773773773775,5.05448220266513,4.5851300985366015,5.523834306793659
3.444094094094094,5.0590585813333675,4.590168511610139,5.527948651056596
3.450810810810811,5.063587639972708,4.595155882777075,5.532019397168341
3.4575275275275277,5.06807041596502,4.600093194037286,5.536047637892755
3.4642442442442443,5.07250794669217,4.604981433537808,5.540034459846532
3.4709609609609613,5.076901269536027,4.609821595558726,5.543980943513327
3.477677677677678,5.081251421878457,4.614614680490786,5.547888163266127
3.4843943943943945,5.08555944110133,4.619361694804683,5.5517571873979765
3.4911111111111115,5.08982636458651,4.624063651011929,5.55558907816109
3.497827827827828,5.094053229715866,4.628721567617272,5.559384891814459
3.5045445445445447,5.098241073871268,4.633336469062569,5.563145678679967
3.5112612612612617,5.102390934434578,4.637909385662075,5.5668724832070815
3.517977977977978,5.1065038487876695,4.642441353529127,5.570566344046212
3.524694694694695,5.110580854312406,4.646933414494113,5.5742282941307
3.5314114114114115,5.114622988390655,4.6513866160137525,5.577859360767558
3.538128128128128,5.118631288404287,4.655802011071612,5.581460565736962
3.544844844844845,5.122606791735165,4.660180658069816,5.5850329254005135
3.5515615615615617,5.12655053576516,4.664523620711977,5.5885774508183435
3.5582782782782783,5.13046355787614,4.668831967877242,5.592095147875037
3.5649949949949953,5.13434689544997,4.673106773485507,5.595587017414433
3.571711711711712,5.138201585868517,4.677349116353738,5.599054055383296
3.5784284284284285,5.142028666513652,4.681560080043401,5.602497252983903
3.5851451451451455,5.145829174767238,4.685740752698979,5.605917596835497
3.591861861861862,5.149604148011146,4.689892226877588,5.609316069144703
3.5985785785785787,5.153354623627243,4.694015599369664,5.612693647884822
3.6052952952952957,5.157081638997394,4.69811197101072,5.616051306984069
3.6120120120120123,5.1607862315034705,4.702182446484202,5.619390016522739
3.618728728728729,5.164469438527337,4.706228134115394,5.6227107429392795
3.625445445445446,5.16813229745086,4.710250145656421,5.626014449245299
3.632162162162162,5.171775845655909,4.714249596062324,5.6293020952494945
3.638878878878879,5.175401120524351,4.718227603258222,5.632574637790481
3.645595595595596,5.179009159438055,4.722185287897565,5.635833030978546
3.6523123123123122,5.182600999778887,4.726123773111475,5.6390782264462995
3.6590290290290293,5.186177678928716,4.7300441842491985,5.642311173608233
3.665745745745746,5.189740234269403,4.733947648609644,5.645532819929161
3.6724624624624624,5.193289703182825,4.737835295164054,5.648744111201596
3.6791791791791795,5.196827123050842,4.741708254269735,5.6519459918319495
3.685895895895896,5.200353531255326,4.745567657374959,5.655139405135692
3.6926126126126126,5.203869965178142,4.749414636714926,5.658325293641358
3.6993293293293297,5.207377462201159,4.753250324998844,5.661504599403474
3.7060460460460463,5.210877059706244,4.757075855088123,5.664678264324365
3.712762762762763,5.214369795075264,4.760892359665641,5.667847230484886
3.71947947947948,5.217856705690087,4.764700970896112,5.671012440484062
3.7261961961961965,5.22133882893258,4.768502820077507,5.674174837787652
3.732912912912913,5.224817202184612,4.772299037283544,5.67733536708568
3.73962962962963,5.228292862828048,4.7760907509972,5.680494974658895
3.7463463463463462,5.2317668482447575,4.779879087735259,5.683654608754256
3.7530630630630633,5.235240195816604,4.783665171663818,5.6868152199693895
3.7597797797797803,5.238713942925461,4.787450124204795,5.689977761646127
3.7664964964964964,5.242189126953193,4.791235063633318,5.693143190273068
3.7732132132132135,5.245666785281666,4.795021104666063,5.69631246589727
3.77992992992993,5.2491479552927505,4.798809358040418,5.699486552545083
3.7866466466466466,5.252633674368314,4.802600930084482,5.7026664186521465
3.7933633633633637,5.256124979890221,4.8063969222778375,5.705853037502605
3.8000800800800802,5.259622909240338,4.810198430803071,5.7090473876776056
3.806796796796797,5.26312849980054,4.814006546087992,5.712250453513088
3.813513513513514,5.266642788952684,4.817822352338462,5.715463225566905
3.8202302302302305,5.270166814078648,4.821646927061894,5.718686701095401
3.826946946946947,5.2737016125602905,4.825481340581234,5.721921884539347
3.833663663663664,5.277248221779484,4.829326655539528,5.72516978801944
3.8403803803803807,5.280807679118097,4.83318392639491,5.728431431841284
3.8470970970970972,5.28438102195799,4.837054198906047,5.731707845009932
3.8538138138138143,5.287969287681039,4.840938509608005,5.735000065754074
3.8605305305305304,5.291573513669107,4.844837885278435,5.738309142059779
3.8672472472472474,5.29519473730406,4.848753342394161,5.741636132213959
3.8739639639639645,5.298833995967769,4.852685886578094,5.744982105357444
3.8806806806806806,5.302492327042102,4.856636512036454,5.74834814204775
3.8873973973973976,5.306170767908922,4.8606062009863615,5.751735334831483
3.8941141141141142,5.309870355950101,4.864595923073796,5.755144788826406
3.900830830830831,5.313592128547505,4.86860663478193,5.75857762231308
3.907547547547548,5.317337123082999,4.8726392788299435,5.762034967336055
3.9142642642642644,5.321106376938454,4.876694783562371,5.765517970314537
3.920980980980981,5.324900927495735,4.880774062329057,5.7690277926624125
3.927697697697698,5.328721812136711,4.884878012855897,5.772565611417524
3.9344144144144146,5.332570068243246,4.889007509970775,5.776132626515717
3.9411311311311312,5.3364467331972145,4.893163334649443,5.779730131744986
3.9478478478478483,5.340352844380479,4.897346210225348,5.783359478535609
3.954564564564565,5.344289439174907,4.901556857792189,5.787022020557625
3.9612812812812814,5.348257554962368,4.905795997873744,5.790719112050992
3.9679979979979985,5.352258229124727,4.910064351104613,5.794452107144841
3.9747147147147146,5.356292499043852,4.914362638887778,5.798222359199927
3.9814314314314316,5.360361402101614,4.918691584028745,5.8020312201744835
3.9881481481481487,5.364465975679876,4.923051911346049,5.805880040013702
3.994864864864865,5.3686072571605035,4.927444348257888,5.809770166063119
4.001581581581582,5.372786283925374,4.931869625344582,5.813702942506167
4.008298298298298,5.377004093356346,4.936328476886567,5.817679709826125
4.015015015015015,5.381261515290981,4.940821433833373,5.821701596748588
4.021731731731732,5.3855575528118,4.945347204906781,5.825767900716819
4.028448448448449,5.389890259720139,4.949903535802069,5.829876983638209
4.035165165165165,5.394257681708762,4.95448813744292,5.834027225974604
4.041881881881882,5.398657864470432,4.959098730400714,5.83821699854015
4.048598598598598,5.403088853697913,4.963733033187628,5.842444674208197
4.055315315315315,5.40754869508397,4.968388751932085,5.846708638235856
4.0620320320320324,5.412035434321364,4.973063611019565,5.851007257623163
4.0687487487487495,5.416547117102863,4.977755357468033,5.855338876737693
4.075465465465466,5.421081789121228,4.9824617619183424,5.8597018163241135
4.082182182182182,5.425637496069224,4.987180619547597,5.864094372590851
4.088898898898899,5.430212283639616,4.991909750904299,5.868514816374932
4.095615615615616,5.434804197525165,4.996647002664262,5.872961392386068
4.102332332332333,5.4394112834186386,5.001390248306301,5.8774323185309765
4.10904904904905,5.444031587012796,5.006137388706777,5.881925785318816
4.115765765765766,5.448663154000406,5.010886352652221,5.886439955348591
4.122482482482482,5.453304030074228,5.015635097269247,5.890972962879208
4.129199199199199,5.457952260927029,5.020381608371197,5.895522913482861
4.135915915915916,5.4626058922515766,5.025123900720953,5.9000878837822
4.142632632632633,5.467262969740624,5.029860018209522,5.904665921271725
4.149349349349349,5.471921579090534,5.03458807395376,5.909255084227308
4.156066066066066,5.476581366628669,5.0393077709331875,5.913854962324151
4.162782782782783,5.481244009179879,5.044020871781186,5.918467146578573
4.1694994994995,5.485911319591194,5.048729304149756,5.9230933350326325
4.176216216216217,5.490585110709644,5.053435024442944,5.927735196976345
4.182932932932934,5.495267195382259,5.0581400174883075,5.93239437327621
4.18964964964965,5.499959386456068,5.062846296124644,5.937072476787491
4.196366366366366,5.504663496778104,5.067555900706524,5.941771092849684
4.203083083083083,5.509381339195395,5.072270898526231,5.946491779864559
4.2097997997998,5.514114726554971,5.076993383153853,5.951236069956089
4.216516516516517,5.518865471703863,5.081725473696313,5.956005469711414
4.223233233233234,5.523635387489101,5.086469313976203,5.960801461001998
4.22994994994995,5.528426286757712,5.091227071631385,5.965625501884039
4.236666666666666,5.53323998235673,5.096000937136339,5.970479027577121
4.243383383383383,5.538078287133186,5.100793122746281,5.975363451520091
4.2501001001001,5.542943013934107,5.105605861365132,5.980280166503083
4.2568168168168175,5.547835975606523,5.110441405338406,5.985230545874639
4.263533533533534,5.552758984997465,5.115302025172097,5.9902159448228325
4.270250250250251,5.5577138549539615,5.120190008178619,5.995237701729304
4.276966966966967,5.562702398323047,5.125107657050875,6.00029713959522
4.283683683683684,5.56772642795175,5.130057288365409,6.005395567538091
4.290400400400401,5.572787756687097,5.13504123101564,6.010534282358554
4.297117117117118,5.577888197376122,5.140061824576055,6.01571457017619
4.303833833833834,5.5830295628658515,5.145121417598124,6.020937708133579
4.31055055055055,5.588213666003319,5.150222365838735,6.026204966167903
4.317267267267267,5.593442319635553,5.1553670304216865,6.03151760884942
4.323983983983984,5.598717336609583,5.160557775932795,6.03687689728637
4.330700700700701,5.604040529772445,5.165796968448989,6.042284091095901
4.337417417417418,5.60941371197116,5.171086973501589,6.047740450440731
4.344134134134134,5.6148386960527645,5.176430153973989,6.05324723813154
4.3508508508508505,5.620317294864282,5.181828867933567,6.0588057217949975
4.357567567567568,5.625851321252749,5.187285466397756,6.0644171761077414
4.364284284284285,5.631442588065192,5.192802272256925,6.070082903873459
4.371001001001002,5.637092908148645,5.198381351532982,6.075804464764309
4.377717717717718,5.642804094350135,5.204024577961841,6.081583610738429
4.384434434434435,5.648577959516692,5.209733797248523,6.087422121784861
4.391151151151151,5.6544163164953485,5.215510832103785,6.093321800886912
4.397867867867868,5.660320978133132,5.22135748383273,6.099284472433535
4.404584584584585,5.666293757277073,5.22727553388334,6.105311980670805
4.411301301301302,5.672336466774202,5.233266745355229,6.111406188193175
4.418018018018018,5.678450919471549,5.239332864468901,6.117568974474198
4.424734734734734,5.684638928216146,5.245475621995904,6.123802234436389
4.431451451451451,5.690902305855018,5.251696734650153,6.130107877059883
4.438168168168168,5.697242865235203,5.257997906440826,6.1364878240295795
4.444884884884885,5.703662419203724,5.264380829987064,6.1429440084203835
4.4516016016016025,5.7101627806076145,5.270847187794894,6.149478373420335
4.458318318318319,5.7167457622939,5.277398653496588,6.156092871091213
4.465035035035035,5.723413177109618,5.284036893052792,6.162789461166445
4.471751751751752,5.730166837901795,5.290763565917637,6.169570109885952
4.478468468468469,5.73700855751746,5.2975803261671235,6.176436788867797
4.485185185185186,5.7439401488036435,5.30448882359093,6.183391474016357
4.491901901901902,5.750963424607374,5.311490704747887,6.190436144466861
4.498618618618619,5.758080197775688,5.3185876139852475,6.197572781566128
4.505335335335335,5.7652922811556095,5.325781194421868,6.204803367889351
4.512052052052052,5.77260148759417,5.333073088895487,6.212129886292853
4.518768768768769,5.780009629938401,5.340464940874106,6.219554319002696
4.525485485485486,5.787518521035333,5.34795839533158,6.227078646739085
4.532202202202202,5.79512997373199,5.355555099587448,6.234704847876532
4.5389189189189185,5.802845800875411,5.363256704111049,6.2424348976397726
4.5456356356356356,5.8106678153126206,5.371064863289862,6.250270767335379
4.552352352352353,5.818597829890647,5.378981236162141,6.258214423619154
4.55906906906907,5.826637657456529,5.387007487113757,6.266267827799301
4.565785785785787,5.834789110857288,5.395145286539195,6.27443293517538
4.572502502502503,5.843054002939959,5.403396311466725,6.282711694413193
4.579219219219219,5.851434146551567,5.411762246147578,6.291106046955555
4.585935935935936,5.859931354539145,5.420244782609166,6.299617926469124
4.592652652652653,5.8685474397497295,5.428845621172175,6.308249258327284
4.59936936936937,5.877284215030342,5.437566470931497,6.317001959129188
4.606086086086086,5.886143493228011,5.446409050200948,6.325877936255074
4.612802802802803,5.895127087189775,5.455375086921651,6.334879087457899
4.619519519519519,5.904236809762658,5.464466319033986,6.34400730049133
4.626236236236236,5.9134744737936895,5.47368449481312,6.353264452774259
4.632952952952953,5.922841892129909,5.483031373167994,6.3626524110918234
4.63966966966967,5.932340877618335,5.492508723903675,6.372173031332996
4.646386386386387,5.941973243106003,5.502118327947141,6.381828158264865
4.653103103103103,5.95174080143994,5.511861977536341,6.391619625343539
4.65981981981982,5.961645365467182,5.521741476372576,6.401549254561788
4.666536536536537,5.971688748034753,5.5317586397361485,6.411618856333357
4.673253253253254,5.981872761989689,5.541915294565333,6.421830229414045
4.679969969969971,5.992199220179013,5.552213279498594,6.432185160859432
4.686686686686687,6.0026699354497595,5.562654444880183,6.442685426019336
4.693403403403403,6.013286720648957,5.573240652729056,6.453332788568859
4.70012012012012,6.024051388623637,5.583973776671234,6.46412900057604
4.706836836836837,6.03496575222083,5.594855701835637,6.475075802606024
4.713553553553554,6.046031624287566,5.605888324713473,6.486174923861658
4.72027027027027,6.057250817670871,5.617073552981292,6.49742808236045
4.726986986986987,6.068625145217781,5.628413305287794,6.508836985147767
4.7337037037037035,6.080156419775321,5.639909511004473,6.520403328546169
4.7404204204204206,6.0918464541905255,5.651564109940282,6.532128798440769
4.747137137137138,6.103697061310423,5.663379052020366,6.54401507060048
4.753853853853855,6.115710053982041,5.67535629692905,6.556063811035032
4.760570570570571,6.1278872450524124,5.687497813717203,6.5682766763876215
4.767287287287288,6.140230447368567,5.699805580374087,6.580655314363047
4.774004004004004,6.152741473777534,5.712281583363848,6.593201364191221
4.780720720720721,6.165422137126345,5.724927817126784,6.605916457125907
4.787437437437438,6.17827425026203,5.737746283545493,6.618802216978566
4.794154154154155,6.191299626031615,5.750738991376036,6.631860260687194
4.800870870870871,6.204500077282134,5.763907955644218,6.64509219892005
4.807587587587587,6.217877416860616,5.777255197007079,6.6584996367141525
4.814304304304304,6.231433457614093,5.79078274107968,6.672084174148506
4.821021021021021,6.245170012389592,5.8044926177272345,6.68584740705195
4.827737737737738,6.259088894034147,5.8183868603226605,6.699790927745634
4.8344544544544545,6.273191915394783,5.832467504969522,6.713916325820044
4.841171171171172,6.287480889318536,5.846736589690429,6.7282251889466425
4.847887887887888,6.3019576286524295,5.86119615358078,6.742719103724079
4.854604604604605,6.316623527992105,5.875847817676488,6.757399238307722
4.861321321321322,6.331475438356069,5.890688658712573,6.772262217999565
4.868038038038039,6.346507423938861,5.905712964925807,6.7873018829519145
4.874754754754755,6.361713508569429,5.920914981527523,6.802512035611335
4.881471471471472,6.377087716076732,5.936288950048457,6.817886482105006
4.888188188188188,6.392624070289719,5.951829107282523,6.833419033296914
4.894904904904905,6.408316595037345,5.96752968419494,6.84910350587975
4.901621621621622,6.424159314148564,5.983384904794338,6.864933723502789
4.908338338338339,6.440146251452324,5.999388984968572,6.880903517936076
4.915055055055055,6.456271430777581,6.015536131283848,6.897006730271314
4.9217717717717715,6.472528875953287,6.031820539746769,6.913237212159806
4.9284884884884885,6.488912610808399,6.0482363945288675,6.929588827087931
4.935205205205206,6.505416659171867,6.064777866653151,6.946055451690582
4.941921921921923,6.522035044872641,6.081439112642196,6.962630977103087
4.948638638638639,6.538761791739674,6.098214273127239,6.979309310352109
4.955355355355356,6.555590923601926,6.115097471417764,6.996084375786088
4.962072072072072,6.5725164642883405,6.132082812030963,7.012950116545718
4.968788788788789,6.589532437627878,6.149164379180618,7.029900496075138
4.975505505505506,6.6066328674494885,6.166336235224707,7.04692949967427
4.982222222222223,6.623811777582125,6.183592419071269,7.06403113609298
4.988938938938939,6.6410631918547365,6.200926944541922,7.081199439167551
4.995655655655656,6.658381134096283,6.218333755893419,7.098428512299146
5.002372372372372,6.67575962813571,6.2358064977225425,7.115712758548877
5.009089089089089,6.693192697801977,6.253338694977253,7.133046700626701
5.015805805805806,6.710674366924036,6.270923867972576,7.150424865875496
5.022522522522523,6.728198659330834,6.288555535217478,7.1678417834441905
5.0292392392392395,6.745759598851326,6.306227215847244,7.185291981855409
5.035955955955956,6.763351209314469,6.323932431947601,7.202769986681337
5.042672672672673,6.780967514549216,6.341664710770737,7.220270318327695
5.04938938938939,6.7986025383845154,6.359417586843187,7.237787489925844
5.056106106106107,6.816250304649323,6.377184603965454,7.255316005333191
5.062822822822823,6.833904837172587,6.394959317102979,7.272850357242195
5.06953953953954,6.851560159783269,6.412735294168079,7.29038502539846
5.076256256256256,6.869210296310312,6.430506117692226,7.307914474928398
5.082972972972973,6.886849270582678,6.44826538638813,7.325433154777226
5.08968968968969,6.904471106429313,6.46600671660073,7.342935496257897
5.096406406406407,6.9220698276791754,6.483723743646468,7.360415911711883
5.103123123123123,6.939639458161213,6.501410123039863,7.377868793282563
5.10983983983984,6.95717402170438,6.5190595316065885,7.395288511802171
5.1165565565565565,6.974667542137629,6.536665668482128,7.412669415793131
5.1232732732732735,6.992114043289918,6.554222255995107,7.430005830584729
5.129989989989991,7.009507548990195,6.571723040434416,7.447292057545973
5.136706706706708,7.026842083067413,6.58916179269928,7.464522373435545
5.143423423423424,7.0441116693505235,6.606532308831422,7.481691029869625
5.15014014014014,7.061310331668482,6.62382841042856,7.4987922529084035
5.156856856856857,7.078432093850242,6.641043944938502,7.515820242761981
5.163573573573574,7.095470979724756,6.658172785833195,7.532769173616317
5.170290290290291,7.112421013120976,6.675208832662135,7.549633193579816
5.177007007007007,7.129276217867853,6.692146010984654,7.566406424751051
5.183723723723724,7.146030617794344,6.708978272180641,7.583082963408048
5.19044044044044,7.1626782367293975,6.725699593139357,7.599656880319438
5.197157157157157,7.179213098501971,6.742303975826145,7.616122221177797
5.203873873873874,7.195629226941015,6.758785446726793,7.6324730071552365
5.210590590590591,7.21192064587548,6.775138056169553,7.648703235581408
5.2173073073073075,7.228081379134321,6.791355877524764,7.664806880743877
5.2240240240240245,7.244105450546493,6.807433006282197,7.680777894810789
5.230740740740741,7.259986883940945,6.823363559006223,7.696610208875667
5.237457457457458,7.275719703146636,6.8391416721691005,7.712297734124171
5.244174174174175,7.29129793199251,6.854761500862549,7.727834363122471
5.250890890890892,7.306715594307528,6.870217217388039,7.743213971227017
5.257607607607608,7.321966713920639,6.8855030097260395,7.758430418115238
5.264324324324324,7.337045314660793,6.900613079884686,7.7734775494369
5.271041041041041,7.351945420356949,6.915541642128245,7.788349198585653
5.277757757757758,7.3666610548380564,6.930282921085721,7.803039188590392
5.284474474474475,7.3811862419330705,6.944831149740086,7.817541334126055
5.291191191191192,7.3955150054709415,6.9591805672984375,7.831849443643446
5.297907907907908,7.409641369280622,6.97332541694347,7.845957321617774
5.3046246246246245,7.4235593571910625,6.987259933563201,7.859858780818924
5.3113413413413415,7.437262993031227,7.000978244209048,7.873547741853406
5.3180580580580585,7.4507463006300565,7.014474406587964,7.887018194672149
5.324774774774776,7.464003303816509,7.027742472452176,7.900264135180842
5.331491491491492,7.477028836372373,7.0407772987379404,7.913280374006805
5.338208208208209,7.489825579076404,7.053581584833703,7.926069573319106
5.344924924924925,7.502400617974218,7.066162431024228,7.938638804924208
5.351641641641642,7.514761087943391,7.07852698218012,7.950995193706662
5.358358358358359,7.526914123861486,7.090682379000419,7.963145868722553
5.365075075075076,7.538866860606076,7.102635758037332,7.97509796317482
5.371791791791792,7.550626433054726,7.114394251671077,7.986858614438375
5.378508508508508,7.562199976085006,7.125964988034876,7.998434964135137
5.385225225225225,7.573594624574487,7.1373550908900745,8.009834158258899
5.391941941941942,7.584817513400738,7.148571679451432,8.021063347350044
5.398658658658659,7.595875777441324,7.159621868162567,8.032129686720081
5.405375375375376,7.606776551573818,7.170512766421641,8.043040336725994
5.4120920920920925,7.617526970675784,7.181251478257245,8.053802463094323
5.418808808808809,7.628134169624794,7.191845101954604,8.064423237294985
5.425525525525526,7.638605283298419,7.2023007117308975,8.07490985486594
5.432242242242243,7.648947446574225,7.2126252526908665,8.085269640457584
5.43895895895896,7.65916779432978,7.222825614158972,8.095509974500589
5.445675675675676,7.669273461442654,7.23290868352993,8.105638239355379
5.452392392392393,7.679271582790418,7.242881348515499,8.115661817065337
5.459109109109109,7.689169293250636,7.252750499105477,8.125588087395794
5.465825825825826,7.698973727700882,7.2625230294223355,8.13542442597943
5.472542542542543,7.70869202101872,7.272205839469142,8.145178202568298
5.47925925925926,7.718331308081724,7.281805836770545,8.154856779392903
5.485975975975976,7.727898723767459,7.29132993790638,8.164467509628537
5.4926926926926924,7.73740140295349,7.300785069937622,8.174017735969358
5.4994094094094095,7.746846480517396,7.31017817172427,8.183514789310522
5.5061261261261265,7.75624109133674,7.319516195134766,8.192965987538713
5.5128428428428435,7.7655923702890925,7.328806106146675,8.202378634431511
5.519559559559561,7.77490745225202,7.338054885838175,8.211760018665863
5.526276276276277,7.78419347210309,7.347269531270127,8.221117412936053
5.532992992992993,7.793457564719877,7.356457056258372,8.230458073181381
5.53970970970971,7.802706864979944,7.3656244920360265,8.239789237923862
5.546426426426427,7.8119485077608655,7.374778887805604,8.249118127716127
5.553143143143144,7.821189627940206,7.38392731118076,8.258451944699651
5.55985985985986,7.8304373603955355,7.393076848517613,8.267797872273459
5.566576576576577,7.839698840004423,7.402234605135585,8.27716307487326
5.573293293293293,7.8489812016444365,7.411407705427806,8.286554697861067
5.58001001001001,7.858291580193148,7.420603292861173,8.295979867525123
5.586726726726727,7.867637110528124,7.429828529866237,8.30544569119001
5.593443443443444,7.8770249275269295,7.43909059761715,8.31495925743671
5.6001601601601605,7.88646216606714,7.448396695701994,8.324527636432286
5.606876876876877,7.895955961026321,7.457754041683793,8.33415788036885
5.613593593593594,7.905513447282044,7.46716987055273,8.34385702401136
5.620310310310311,7.915141759711872,7.476651434069955,8.35363208535379
5.627027027027028,7.924848033193379,7.486206000003616,8.363490066383141
5.633743743743745,7.9346394023363995,7.495840850989878,8.37343795368292
5.640460460460461,7.944521600684135,7.505561882756169,8.383481318612102
5.647177177177177,7.954495692887174,7.515370335211388,8.39362105056296
5.653893893893894,7.964561772253829,7.525266488807166,8.403857055700492
5.660610610610611,7.974719932092407,7.535250634586461,8.414189229598353
5.667327327327328,7.984970265711224,7.545323072786058,8.42461745863639
5.674044044044044,7.995312866418585,7.555484111335875,8.435141621501295
5.680760760760761,8.005747827522802,7.5657340642558735,8.445761590789731
5.6874774774774774,8.016275242332185,7.576073249951197,8.456477234713173
5.6941941941941945,8.026895204155045,7.586501989406248,8.467288418903841
5.7009109109109115,8.037607806299688,7.597020604278336,8.47819500832104
5.7076276276276285,8.048413142074429,7.607629414891526,8.48919686925733
5.714344344344345,8.059311304787576,7.618328738131213,8.500293871443938
5.721061061061061,8.070302387747443,7.6291188852400165,8.51148589025487
5.727777777777778,8.081386484262337,7.640000159515404,8.52277280900927
5.734494494494495,8.092563687640569,7.650972853909554,8.534154521371583
5.741211211211212,8.103834091190446,7.662037248232369,8.545630934148525
5.747927927927929,8.115197788220286,7.673193524648933,8.557202051791638
5.754644644644645,8.126654872038387,7.684441657810054,8.568868086266718
5.761361361361361,8.138205435953068,7.695781586573303,8.580629285332835
5.768078078078078,8.149849573272641,7.707213245142676,8.592485901402606
5.774794794794795,8.16158737730541,7.718736565828409,8.604438188782412
5.781511511511512,8.17341894135969,7.730351481677867,8.616486401041513
5.7882282282282285,8.185344358743787,7.7420579289777045,8.62863078850987
5.7949449449449455,8.197363722766012,7.753855849627482,8.640871595904542
5.801661661661662,8.20947712673468,7.765745193384865,8.653209060084494
5.808378378378379,8.221684663958095,7.7777259199824975,8.665643407933693
5.815095095095096,8.233986427744574,7.789798001116686,8.678174854372461
5.821811811811813,8.24638251140242,7.801961422307922,8.690803600496917
5.828528528528529,8.258873008239945,7.8142161846334055,8.703529831846485
5.835245245245245,8.271458011565462,7.826562306331597,8.716353716799327
5.841961961961962,8.28413761468728,7.838999824278963,8.729275405095597
5.848678678678679,8.296911910913709,7.8515287953390605,8.742295026488357
5.855395395395396,8.309780993553058,7.8641492975841585,8.75541268952196
5.862112112112113,8.322744955913642,7.876861431389619,8.768628480437664
5.868828828828829,8.335803891303764,7.8896653204013525,8.781942462206175
5.875545545545545,8.348957893031738,7.902561112376718,8.795354673686758
5.8822622622622625,8.362207054405875,7.915548979899264,8.808865128912485
5.8889789789789795,8.375551468734484,7.928629120967838,8.822473816501128
5.8956956956956965,8.388991229325876,7.941801759460651,8.836180699191102
5.902412412412413,8.40252642948836,7.9550671454749065,8.849985713501813
5.90912912912913,8.416157162530247,7.968425555542802,8.863888769517693
5.915845845845846,8.429883521759844,7.981877292724618,8.877889750795072
5.922562562562563,8.443705600485469,7.99542268657989,8.891988514391048
5.92927927927928,8.457623492015427,8.009062093017501,8.906184891013353
5.935995995995997,8.471637289658029,8.022795894025814,8.920478685290243
5.942712712712713,8.48574708672158,8.036624497283857,8.934869676159302
5.949429429429429,8.499952976514397,8.050548335654733,8.94935761737406
5.956146146146146,8.51425505234479,8.064567866562369,8.963942238127212
5.962862862862863,8.528653407521068,8.078683571252837,8.978623243789299
5.96957957957958,8.54314813535154,8.092895953941458,8.993400316761623
5.976296296296297,8.557739329144516,8.107205540846891,9.00827311744214
5.9830130130130135,8.572427082208309,8.121612879113414,9.023241285303204
5.98972972972973,8.587211487851222,8.136118535622575,9.03830444007987
5.996446446446447,8.602092639381576,8.150723044579681,9.05346223418347
6.003163163163164,8.617070630107676,8.165426716628005,9.068714543587348
6.009879879879881,8.63214555333783,8.180229785242124,9.084061321433536
6.016596596596597,8.647317502380348,8.195132469250236,9.09950253551046
6.023313313313314,8.662586570543548,8.210134973354712,9.115038167732383
6.03003003003003,8.677952851135728,8.225237488639873,9.130668213631584
6.036746746746747,8.693416437465208,8.240440193070754,9.146392681859663
6.043463463463464,8.708977422840295,8.255743251982718,9.162211593697872
6.05018018018018,8.7246359005693,8.271146818562057,9.178124982576543
6.056896896896897,8.740391963960532,8.286651034317535,9.194132893603529
6.063613613613614,8.7562457063223,8.302256029542955,9.210235383101645
6.07033033033033,8.772197220962916,8.3179619237708,9.22643251815503
6.0770470470470475,8.788246601190691,8.333768826217014,9.242724376164368
6.0837637637637645,8.804393940313936,8.34967683621698,9.259111044410892
6.090480480480481,8.820639318637545,8.365686030649412,9.275592606625677
6.097197197197198,8.836982318008623,8.381795978900657,9.292168657116589
6.103913913913915,8.853421876809037,8.398005598267417,9.308838155350657
6.110630630630631,8.869956890821694,8.414313755224773,9.325600026418615
6.117347347347348,8.88658625582951,8.430719308418581,9.342453203240439
6.124064064064065,8.903308867615388,8.447221109050686,9.359396626180091
6.130780780780781,8.92012362196224,8.463818001256032,9.376429242668449
6.137497497497498,8.937029414652976,8.480508822471782,9.39355000683417
6.144214214214214,8.954025141470499,8.497292403798502,9.410757879142496
6.150930930930931,8.97110969819773,8.514167570353614,9.428051826041845
6.157647647647648,8.988281980617565,8.531133141617067,9.445430819618062
6.164364364364364,9.005540884512918,8.54818793176951,9.462893837256326
6.1710810810810814,9.022885305666701,8.565330750022907,9.480439861310495
6.1777977977977985,9.040314139861824,8.582560400943773,9.498067878779874
6.184514514514515,9.057826282881184,8.599875684769104,9.515776880993263
6.191231231231232,9.07542063050771,8.617275397715126,9.533565863300293
6.197947947947949,9.093096078524294,8.634758332278816,9.551433824769772
6.204664664664665,9.110851522713851,8.652323277532505,9.569379767895198
6.211381381381382,9.128685858859296,8.669969019411415,9.587402698307177
6.218098098098099,9.146597982743529,8.687694340994328,9.60550162449273
6.224814814814815,9.164586790149459,8.705498022777446,9.623675557521471
6.231531531531532,9.18265117686,8.723378842941491,9.64192351077851
6.238248248248249,9.200790038658065,8.741335577612077,9.660244499704053
6.244964964964965,9.219002271326548,8.759367001113453,9.678637541539644
6.251681681681682,9.237286770648376,8.77747188621573,9.697101655081022
6.258398398398398,9.255642432406445,8.795649004375433,9.715635860437457
6.265115115115115,9.274068152383673,8.813897125969705,9.734239178797642
6.2718318318318325,9.292562826362966,8.832215020523957,9.752910632201974
6.278548548548549,9.311125350127229,8.850601456933166,9.771649243321292
6.285265265265266,9.329754619459376,8.86905520367677,9.790454035241982
6.291981981981983,9.3484495301423145,8.887575029027206,9.809324031257423
6.298698698698699,9.367208977958953,8.906159701252143,9.828258254665762
6.305415415415416,9.386031858692201,8.924807988810402,9.847255728574
6.312132132132133,9.404917068124968,8.943518660541594,9.866315475708342
6.318848848848849,9.423863502040158,8.962290485849485,9.885436518230831
6.325565565565566,9.442870056220691,8.981122234879148,9.904617877562234
6.332282282282283,9.461935626449469,9.000012678687796,9.923858574211142
6.338998998998999,9.481059108509397,9.018960589409447,9.943157627609347
6.345715715715716,9.500239398183396,9.037964740413353,9.96251405595344
6.352432432432433,9.519475391254366,9.057023906456145,9.981926876052587
6.359149149149149,9.538765983505215,9.076136863827818,10.001395103182611
6.3658658658658664,9.558110070718858,9.095302390491469,10.020917750946246
6.372582582582583,9.577506548678198,9.114519266216767,10.040493831139628
6.3792992992993,9.596954313166151,9.133786272707264,10.060122353625038
6.386016016016017,9.616452259965625,9.153102193721383,10.079802326209867
6.392732732732733,9.63599928485952,9.17246581518722,10.099532754531822
6.39944944944945,9.655594283630755,9.191875925311088,10.119312641950422
6.406166166166167,9.675236152062237,9.211331314679777,10.139140989444696
6.412882882882883,9.694923785936872,9.23083077635655,10.159016795517195
6.4195995995996,9.714656081037571,9.250373105970883,10.178939056104259
6.426316316316317,9.734431933147244,9.26995710180191,10.198906764492577
6.433033033033033,9.754250238048794,9.289581564855558,10.21891891124203
6.43974974974975,9.774109891525145,9.30924529893542,10.23897448411487
6.446466466466467,9.79400978935919,9.32894711070725,10.25907246801113
6.453183183183183,9.813948827333844,9.348685809757235,10.279211844910453
6.4598998998999,9.833925901232018,9.368460208643867,10.299391593820168
6.4666166166166175,9.85393990683662,9.388269122943521,10.31961069072972
6.473333333333334,9.873989739930558,9.408111371289685,10.33986810857143
6.480050050050051,9.894074296296742,9.427985775405887,10.360162817187597
6.486766766766768,9.914192471718081,9.447891160132238,10.380493783303924
6.493483483483484,9.93434316197748,9.467826353445668,10.400859970509293
6.500200200200201,9.954525262857858,9.487790186473836,10.421260339241881
6.506916916916917,9.974737670142112,9.507781493502645,10.441693846781579
6.513633633633634,9.994979279613162,9.527799111977522,10.462159447248801
6.520350350350351,10.01524898705391,9.547841882498275,10.482656091609545
6.527067067067067,10.035545688247264,9.567908648807705,10.503182727686823
6.533783783783784,10.055868278976142,9.587998257773888,10.523738300178396
6.540500500500501,10.076215655023448,9.608109559366142,10.544321750680755
6.547217217217217,10.096586712172085,9.628241406624735,10.564932017719435
6.553933933933934,10.116980346204974,9.648392655624347,10.5855680367856
6.5606506506506514,10.137395452905013,9.66856216543122,10.606228740378805
6.567367367367368,10.157830928055116,9.688748798054151,10.626913058056081
6.574084084084085,10.178285667438193,9.708951418389221,10.647619916487164
6.580800800800802,10.198758566837153,9.729168894158379,10.668348239515927
6.587517517517518,10.219248522034903,9.749400095841834,10.689096948227972
6.594234234234235,10.239754428814352,9.769643896604343,10.709864961024362
6.600950950950952,10.260275182958413,9.789899172215385,10.73065119370144
6.607667667667668,10.280809680249986,9.81016480096325,10.751454559536722
6.614384384384385,10.301356816471992,9.830439663563125,10.77227396938086
6.621101101101101,10.321915487407331,9.850722643059116,10.793108331755546
6.627817817817818,10.34248458883892,9.871012624720379,10.81395655295746
6.634534534534535,10.363063016549662,9.89130849593124,10.834817537168083
6.641251251251251,10.383649666322466,9.911609146075484,10.855690186569447
6.647967967967968,10.404243433940245,9.93191346641477,10.87657340146572
6.654684684684685,10.424843215185904,9.952220349961227,10.897466080410581
6.661401401401402,10.445447905842352,9.972528691344301,10.918367120340402
6.668118118118119,10.466056401692505,9.99283738667189,10.93927541671312
6.674834834834836,10.486667598519263,10.013145333385758,10.960189863652769
6.681551551551552,10.50728039210554,10.033451430111388,10.981109354099694
6.688268268268269,10.527893678234246,10.0537545765022,11.002032779966292
6.694984984984986,10.548506352688287,10.074053673078266,11.022959032298308
6.701701701701702,10.569117311250572,10.094347621059539,11.043887001441606
6.708418418418419,10.589725449704016,10.114635322193651,11.06481557721438
6.715135135135136,10.610329663831521,10.134915678578324,11.08574364908472
6.721851851851852,10.630928849415998,10.155187592478462,11.106670106353533
6.728568568568569,10.651521902240356,10.175449966137988,11.127593838342724
6.735285285285285,10.672107718087505,10.195701701586417,11.148513734588592
6.742002002002002,10.692685192740356,10.215941700440306,11.169428685040407
6.748718718718719,10.713253221981814,10.236168863699552,11.190337580264076
6.755435435435436,10.733810701594791,10.256382091538685,11.211239311650898
6.762152152152153,10.754356527362198,10.27658028309311,11.232132771631285
6.76886886886887,10.774889595066938,10.296762336240429,11.253016853893447
6.775585585585586,10.795408800491922,10.31692714737688,11.273890453606963
6.782302302302303,10.815913039420064,10.337073611188945,11.294752467651183
6.78901901901902,10.836401207634268,10.357200620420162,11.315601794848373
6.795735735735736,10.856872200917442,10.377307065633268,11.336437336201616
6.802452452452453,10.8773249150525,10.397391834967662,11.357257995137337
6.80916916916917,10.89775824582235,10.417453813892289,11.378062677752412
6.815885885885886,10.918171089009897,10.437491884953984,11.398850293065811
6.822602602602603,10.938562340398056,10.457504927521382,11.419619753274729
6.82931931931932,10.958930895769733,10.477491817524394,11.440369974015072
6.836036036036036,10.979275650907834,10.497451427189374,11.461099874626294
6.842752752752753,10.999595501595273,10.51738262477002,11.481808378420526
6.8494694694694696,11.019889343614953,10.53728427427408,11.502494412955825
6.856186186186187,11.040156072749793,10.557155235185952,11.523156910313634
6.862902902902904,11.060394584782697,10.576994362185204,11.543794807380191
6.86961961961962,11.080603775496568,10.596800504861166,11.56440704613197
6.876336336336337,11.100782540674327,10.616572483880631,11.584992597468023
6.883053053053054,11.120929776098873,10.636309015319906,11.605550536877839
6.88976976976977,11.141044377553118,10.656008814582268,11.626079940523969
6.896486486486487,11.161125240819974,10.675670634980571,11.646579846659376
6.903203203203204,11.181171261682346,10.695293269112886,11.667049254251806
6.90991991991992,11.201181335923145,10.714875550045393,11.687487121800897
6.916636636636637,11.221154359325284,10.734416352308545,11.707892366342024
6.923353353353354,11.241089227671667,10.753914592707272,11.728263862636062
6.93007007007007,11.260984836745198,10.773369230946187,11.748600442544209
6.936786786786787,11.280840082328798,10.792779270070838,11.768900894586757
6.943503503503504,11.300653861669096,10.81214375818999,11.789163965148202
6.950220220220221,11.320425422174518,10.831462137251062,11.809388707097973
6.956936936936938,11.340154813052479,10.850734694575053,11.829574931529905
6.963653653653654,11.359842195255753,10.869961872522804,11.849722517988702
6.970370370370371,11.37948772973712,10.889144156293618,11.869831303180622
6.977087087087088,11.399091577449353,10.908282073295396,11.889901081603309
6.983803803803804,11.418653899345227,10.927376192343155,11.909931606347298
6.990520520520521,11.438174856377525,10.946427122688236,11.929922590066814
6.997237237237238,11.457654609499018,10.965435512880578,11.949873706117458
7.003953953953954,11.477093319662485,10.98440204222695,11.96978459709802
7.010670670670671,11.4964911478207,11.003327305461994,11.989654990179407
7.017387387387388,11.515848254926444,11.022211806759255,12.009484703093634
7.024104104104104,11.535164801932488,11.041056036847188,12.029273567017789
7.030820820820821,11.554440949791616,11.059860475498073,12.049021424085158
7.037537537537538,11.5736768594566,11.078625591684784,12.068728127228418
7.0442542542542546,11.592872691880213,11.097351843738018,12.088393540022409
7.050970970970972,11.612028608015239,11.11603967950385,12.108017536526628
7.057687687687689,11.631144768814451,11.13468953650123,12.127600001127671
7.064404404404405,11.650221335230622,11.153301842079394,12.14714082838185
7.071121121121122,11.669258468216537,11.1718770135749,12.166639922858174
7.077837837837838,11.688256328724963,11.190415458468113,12.186097198981813
7.084554554554555,11.707215077708684,11.208917574539068,12.205512580878299
7.091271271271272,11.726134876120476,11.227383750022426,12.224886002218526
7.097987987987988,11.745015884913109,11.245814363761498,12.244217406064719
7.104704704704705,11.763858265039367,11.264209785361196,12.263506744717539
7.111421421421422,11.782662177452023,11.282570375339697,12.28275397956435
7.118138138138138,11.801427783103852,11.300896485278868,12.301959080928837
7.124854854854855,11.820155242947637,11.319188457973231,12.321122027922042
7.131571571571572,11.83884471793615,11.33744662757744,12.340242808294859
7.1382882882882885,11.857496369022163,11.355671319752192,12.359321418292135
7.145005005005006,11.876110357158463,11.37386285180849,12.378357862508437
7.151721721721723,11.894686843297817,11.392021532850173,12.397352153745462
7.158438438438439,11.913225988393005,11.410147663914742,12.416304312871269
7.165155155155156,11.931727953396807,11.428241538112333,12.435214368681281
7.171871871871873,11.950192899261998,11.446303440762847,12.454082357761148
7.178588588588589,11.96862098694135,11.464333649531227,12.472908324351472
7.185305305305306,11.987012377387645,11.482332434560808,12.491692320214481
7.192022022022022,12.005367231553658,11.50030005860474,12.510434404502575
7.198738738738739,12.023685710392165,11.518236777155453,12.529134643628877
7.205455455455456,12.041967974855943,11.536142838572184,12.547793111139702
7.212172172172172,12.060214185897767,11.554018484206518,12.566409887589016
7.218888888888889,12.078424504470414,11.571863948525964,12.584985060414864
7.225605605605606,12.096599091526663,11.589679459235567,12.603518723817759
7.2323223223223225,12.114738108019287,11.607465237397516,12.622010978641057
7.23903903903904,12.132841714901067,11.625221497548855,12.64046193225328
7.245755755755757,12.150910073124777,11.642948447817181,12.658871698432373
7.252472472472473,12.168943343643189,11.660646290034446,12.677240397251932
7.25918918918919,12.186941687409089,11.67831521984883,12.695568154969347
7.265905905905907,12.204905265375249,11.69595542683471,12.713855103915789
7.272622622622623,12.222834238494444,11.713567094600734,12.732101382388155
7.27933933933934,12.240728767719451,11.73115040089608,12.750307134542822
7.286056056056057,12.258589014003052,11.748705517714855,12.768472510291248
7.292772772772773,12.276415138298015,11.766232611398676,12.786597665197354
7.29948948948949,12.294207301557122,11.783731842737529,12.804682760376716
7.306206206206206,12.31196566473315,11.801203367068828,12.82272796239747
7.312922922922923,12.32969038877887,11.818647334374804,12.840733443182936
7.31963963963964,12.347381634647064,11.836063889378188,12.85869937991594
7.3263563563563565,12.365039563290505,11.853453171636279,12.876625954944732
7.3330730730730735,12.382664335661975,11.870815315633372,12.894513355690577
7.339789789789791,12.400256112714251,11.888150450871638,12.912361774556864
7.346506506506507,12.417815055400096,11.905458701960445,12.930171408839747
7.353223223223224,12.435341324672303,11.922740188704237,12.947942460640368
7.359939939939941,12.452835081483641,11.939995026188884,12.9656751367784
7.366656656656657,12.470296486786888,11.957223324866652,12.983369648707123
7.373373373373374,12.487725701534817,11.974425190639804,13.00102621242983
7.380090090090091,12.50512288668021,11.991600724942849,13.018645048417572
7.386806806806807,12.522488203175838,12.008750024823463,13.036226381528213
7.393523523523524,12.539821811974482,12.025873183022235,13.05377044092673
7.400240240240241,12.557123874028923,12.042970288051105,13.07127746000674
7.406956956956957,12.574394550291927,12.060041424270674,13.088747676313181
7.413673673673674,12.591634001716276,12.077086671966397,13.106181331466155
7.420390390390391,12.608842389254745,12.094106107423643,13.123578671085847
7.4271071071071075,12.62601987386011,12.11109980300174,13.140939944718482
7.433823823823825,12.643166616485155,12.128067827206987,13.158265405763323
7.440540540540541,12.660282778082646,12.145010244764714,13.175555311400577
7.447257257257258,12.677368519605366,12.161927116690418,13.192809922520315
7.453973973973975,12.694424002006093,12.17881850036,13.210029503652185
7.460690690690691,12.711449386237597,12.195684449579172,13.227214322896021
7.467407407407408,12.728444833252656,12.212525014652057,13.244364651853255
7.474124124124125,12.745410504004058,12.229340242449048,13.261480765559067
7.480840840840841,12.762346559444557,12.246130176473873,13.278562942415242
7.487557557557558,12.779253160526952,12.262894856930115,13.29561146412379
7.494274274274275,12.796130468204009,12.279634320786924,13.312626615621094
7.500990990990991,12.8129786434285,12.296348601844258,13.32960868501274
7.507707707707708,12.829797847153216,12.313037730797532,13.3465579635089
7.514424424424425,12.846588240330924,12.32970173530166,13.363474745360188
7.5211411411411415,12.863349983914397,12.346340640034722,13.380359327794071
7.5278578578578585,12.88008323885642,12.362954466761149,13.39721201095169
7.534574574574576,12.896788166109763,12.379543234394438,13.414033097825088
7.541291291291292,12.913464926627206,12.39610695905957,13.430822894194844
7.548008008008009,12.930113681361526,12.412645654155051,13.447581708568
7.554724724724725,12.946734591265496,12.429159330414654,13.464309852116338
7.561441441441442,12.963327817291898,12.445647995968896,13.4810076386149
7.568158158158159,12.979893520393508,12.462111656406282,13.497675384380734
7.574874874874875,12.996431861523092,12.478550314834331,13.514313408211853
7.581591591591592,13.012943001633444,12.494963971940503,13.530922031326384
7.588308308308309,13.029427101677328,12.511352626052872,13.547501577301784
7.595025025025025,13.045884322607524,12.527716273200816,13.564052372014231
7.601741741741742,13.062314825376806,12.544054907175557,13.580574743578055
7.608458458458459,13.078718770937957,12.560368519590716,13.597069022285199
7.6151751751751755,13.095096320243748,12.576657099942786,13.61353554054471
7.6218918918918925,13.111447634246957,12.59292063567169,13.629974632822224
7.62860860860861,13.127772873900362,12.60915911222135,13.646386635579374
7.635325325325326,13.144072200156737,12.625372513100318,13.662771887213156
7.642042042042043,13.16034577396886,12.641560819942535,13.679130727995185
7.64875875875876,13.176593756289513,12.657724012568183,13.695463500010844
7.655475475475476,13.192816308071457,12.673862069044667,13.711770547098247
7.662192192192193,13.209013590267487,12.689974965747858,13.728052214787116
7.668908908908909,13.225185763830371,12.706062677423386,13.744308850237356
7.675625625625626,13.241332989712882,12.722125177248252,13.760540802177513
7.682342342342343,13.257455428867804,12.73816243689264,13.776748420842967
7.689059059059059,13.273553242247903,12.754174426581963,13.792932057913843
7.695775775775776,13.28962659080597,12.770161115159206,13.809092066452733
7.702492492492493,13.305675635494776,12.78612247014752,13.825228800842032
7.7092092092092095,13.321700537267088,12.802058457813125,13.84134261672105
7.7159259259259265,13.337701457075696,12.817969043228572,13.857433870922819
7.7226426426426436,13.353678555873369,12.833854190336247,13.873502921410491
7.72935935935936,13.369631994612885,12.849713862012289,13.88955012721348
7.736076076076077,13.385561934247022,12.865548020130818,13.905575848363226
7.742792792792794,13.401468535728554,12.881356625628516,13.921580445828592
7.74950950950951,13.41735196001026,12.897139638569605,13.937564281450914
7.756226226226227,13.433212368044918,12.912897018211165,13.953527717878671
7.762942942942944,13.449049920785303,12.92862872306882,13.969471118501785
7.76965965965966,13.464864779184186,12.944334710982849,13.985394847385523
7.776376376376377,13.48065710419435,12.960014939184635,14.001299269204065
7.783093093093093,13.496427056768571,12.975669364363506,14.017184749173635
7.78980980980981,13.512174797859627,12.99129794273396,14.033051652985295
7.796526526526527,13.52790048842029,13.00690063010327,14.048900346737309
7.8032432432432435,13.54360428940334,13.022477381939451,14.06473119686723
7.8099599599599605,13.55928636176155,13.038028153439605,14.080544570083497
7.8166766766766775,13.574946866447704,13.053552899598618,14.09634083329679
7.823393393393394,13.59058596441457,13.069051575278223,14.112120353550917
7.830110110110111,13.606203816614928,13.08452413527638,14.127883497953475
7.836826826826828,13.621800584001555,13.099970534397006,14.143630633606104
7.843543543543544,13.637376427527226,13.115390727520012,14.15936212753444
7.850260260260261,13.652931508144718,13.130784669671636,14.1750783466178
7.856976976976978,13.668465986806813,13.146152316095076,14.19077965751855
7.863693693693694,13.68398002446628,13.161493622321359,14.2064664266112
7.870410410410411,13.699473782075898,13.17680854424048,14.222139019911317
7.877127127127128,13.714947420588448,13.192097038172765,14.237797803004131
7.883843843843844,13.730401100956698,13.207359060940405,14.25344314097299
7.890560560560561,13.745834984133431,13.222594569939217,14.269075398327645
7.8972772772772775,13.761249231071425,13.237803523210493,14.284694938932356
7.9039939939939945,13.776644002723451,13.25298587951301,14.300302125933891
7.9107107107107115,13.792019460042285,13.268141598395134,14.315897321689436
7.917427427427428,13.80737576398071,13.283270640266977,14.331480887694443
7.924144144144145,13.822713075491498,13.29837296647256,14.347053184510436
7.930860860860862,13.838031555527426,13.313448539362012,14.36261457169284
7.937577577577578,13.853331365041273,13.328497322363722,14.378165407718823
7.944294294294295,13.868612664985815,13.343519280056372,14.393706049915258
7.951011011011012,13.88387561631383,13.35851437824093,14.40923685438673
7.957727727727728,13.899120379978083,13.373482584012407,14.424758175943758
7.964444444444445,13.914347116931364,13.388423865831536,14.440270368031191
7.971161161161162,13.929555988126449,13.403338193596085,14.455773782656813
7.977877877877878,13.944747154516104,13.418225538711988,14.47126877032022
7.984594594594595,13.959920777053117,13.43308587416415,14.486755679942085
7.991311311311312,13.97507701669026,13.447919174586835,14.502234858793686
7.9980280280280285,13.990216034380307,13.462725416333715,14.517706652426899
8.004744744744745,14.005337991076036,13.477504577547425,14.533171404604648
8.011461461461462,14.020443047730229,13.49225663822863,14.548629457231828
8.018178178178179,14.035531365295657,13.506981580304547,14.564081150286768
8.024894894894896,14.050603104725099,13.52167938769687,14.579526821753326
8.031611611611613,14.065658426971329,13.536350046389067,14.59496680755359
8.03832832832833,14.080697492987126,13.55099354449296,14.610401441481292
8.045045045045047,14.095720463725261,13.565609872314576,14.625831055135945
8.051761761761762,14.110727500138516,13.580199022419261,14.641255977857771
8.058478478478479,14.125718763179671,13.594760989695859,14.656676536663484
8.065195195195196,14.140694413801496,13.609295771420058,14.672093056182934
8.071911911911911,14.155654612956763,13.623803367316832,14.687505858596694
8.078628628628628,14.170599521598266,13.638283779621856,14.702915263574676
8.085345345345345,14.185529300678768,13.652737013141856,14.71832158821568
8.092062062062062,14.200444111151048,13.667163075313956,14.73372514698814
8.09877877877878,14.215344113967882,13.681561976263845,14.74912625167192
8.105495495495497,14.230229470082053,13.695933728862778,14.764525211301327
8.112212212212214,14.245100340446324,13.710278348783332,14.779922332109317
8.11892892892893,14.259956886013487,13.724595854553948,14.795317917473026
8.125645645645646,14.274799267736306,13.73888626761207,14.810712267860541
8.132362362362363,14.289627646567563,13.753149612356026,14.8261056807791
8.13907907907908,14.304442183460038,13.767385916195424,14.841498450724652
8.145795795795795,14.319243039366501,13.781595209600143,14.85689086913286
8.152512512512512,14.334030375239735,13.79577752614782,14.87228322433165
8.15922922922923,14.348804352032511,13.80993290256984,14.887675801495183
8.165945945945946,14.363565130697609,13.824061378795728,14.90306888259949
8.172662662662663,14.378312872187804,13.83816299799596,14.918462746379648
8.17937937937938,14.393047737455877,13.85223780662315,14.933857668288605
8.186096096096097,14.407769887454593,13.866285854451514,14.949253920457673
8.192812812812814,14.422479483136744,13.880307194614739,14.96465177165875
8.199529529529531,14.437176685455093,13.89430188364199,14.980051487268195
8.206246246246247,14.451861655362423,13.908269981492277,14.99545332923257
8.212962962962964,14.466534553811512,13.922211551586953,15.01085755603607
8.21967967967968,14.481195541755133,13.93612666084046,15.026264422669806
8.226396396396396,14.49584478014606,13.9500153796892,15.04167418060292
8.233113113113113,14.51048242993708,13.963877782118605,15.057087077755554
8.23982982982983,14.52510865208096,13.97771394568828,15.07250335847364
8.246546546546547,14.539723607530483,13.991523951555319,15.087923263505647
8.253263263263264,14.554327457238418,14.005307884495664,15.103347029981173
8.259979979979981,14.568920362157552,14.019065832923634,15.118774891391471
8.266696696696698,14.583502483240652,14.032797888909426,15.134207077571878
8.273413413413415,14.598073981440496,14.04650414819481,15.149643814686183
8.28013013013013,14.612635017709867,14.060184710206812,15.165085325212921
8.286846846846847,14.627185753001532,14.073839678069477,15.180531827933587
8.2935635635635645,14.641726348268275,14.087469158613741,15.195983537922809
8.30028028028028,14.656256964462868,14.10107326238532,15.211440666540415
8.306996996996997,14.670777762538092,14.114652103650718,15.226903421425467
8.313713713713714,14.685288903446722,14.128205800401275,15.242372006492168
8.32043043043043,14.699790548141538,14.141734474355356,15.257846621927719
8.327147147147148,14.71428285757531,14.15523825095857,15.273327464192048
8.333863863863865,14.728765992700817,14.168717259382198,15.288814726019435
8.340580580580582,14.743240114470835,14.182171632519662,15.304308596422008
8.347297297297299,14.757705383838143,14.1956015069812,15.319809260695086
8.354014014014014,14.772161961755508,14.209007023086677,15.335316900424338
8.360730730730731,14.786610009175725,14.222388324856626,15.350831693494824
8.367447447447448,14.801049687051554,14.235745560001433,15.366353814101675
8.374164164164164,14.815481156335778,14.249078879908843,15.381883432762713
8.38088088088088,14.829904577981177,14.262388439629676,15.397420716332677
8.387597597597598,14.84432011294052,14.275674397861854,15.412965828019187
8.394314314314315,14.85872792216659,14.288936916932762,15.428518927400418
8.401031031031032,14.873128166612162,14.302176162779972,15.444080170444352
8.407747747747749,14.88752100723001,14.315392304930326,15.459649709529694
8.414464464464466,14.901906604972911,14.328585516477503,15.47522769346832
8.421181181181183,14.916285120793646,14.341755974058007,15.490814267529284
8.4278978978979,14.930656715644986,14.354903857825677,15.506409573464294
8.434614614614615,14.945021550479707,14.368029351424731,15.522013749534683
8.441331331331332,14.959379786250592,14.381132641961425,15.537626930539759
8.448048048048049,14.973731583910414,14.394213919974291,15.553249247846537
8.454764764764764,14.988077104411946,14.407273379403069,15.568880829420824
8.461481481481481,15.00241650870797,14.42031121755638,15.58452179985956
8.468198198198198,15.016749957751264,14.433327635078092,15.600172280424436
8.474914914914915,15.031077612494599,14.446322835912538,15.61583238907666
8.481631631631632,15.045399633890753,14.459297027268564,15.631502240512942
8.48834834834835,15.059716182892505,14.472250419582483,15.647181946202526
8.495065065065067,15.07402742045263,14.48518322647995,15.66287161442531
8.501781781781784,15.088333507523906,14.498095664736843,15.67857135031097
8.508498498498499,15.102634605059103,14.510987954239162,15.694281255879044
8.515215215215216,15.116930874011008,14.523860317942052,15.710001430079963
8.521931931931933,15.131222475332388,14.536712981827884,15.725731968836891
8.528648648648648,15.145509569976024,14.549546174863597,15.741472965088452
8.535365365365365,15.159792318894697,14.562360128957211,15.757224508832183
8.542082082082082,15.174070883041177,14.575155078913628,15.772986687168725
8.5487987987988,15.18834542336824,14.587931262389759,15.788759584346721
8.555515515515516,15.20261610082867,14.600688919849043,15.804543281808298
8.562232232232233,15.216883076375238,14.613428294515309,15.820337858235167
8.56894894894895,15.231146510960718,14.626149632326193,15.836143389595243
8.575665665665667,15.245406565537895,14.638853181886008,15.851959949189782
8.582382382382384,15.259663401059537,14.651539194418158,15.867787607700917
8.5890990990991,15.27391717847842,14.66420792371719,15.883626433239652
8.595815815815817,15.28816805874733,14.676859626100478,15.89947649139418
8.602532532532532,15.302416202819034,14.689494560359558,15.91533784527851
8.609249249249249,15.316661771646316,14.702112987711242,15.93121055558139
8.615965965965966,15.33090492618195,14.714715171748463,15.947094680615436
8.622682682682683,15.345145827378712,14.727301378390965,15.962990276366458
8.6293993993994,15.359384636189379,14.739871875835815,15.978897396542942
8.636116116116117,15.373621513566723,14.752426934507827,15.99481609262562
8.642832832832834,15.38785662046353,14.764966827009928,16.010746413917133
8.649549549549551,15.40209011783257,14.777491828073432,16.026688407591706
8.656266266266268,15.416322166626617,14.790002214508403,16.04264211874483
8.662982982982983,15.430552927798454,14.802498265154004,16.058607590442904
8.6696996996997,15.444782562300857,14.814980260828914,16.0745848637728
8.676416416416417,15.459011231086599,14.827448484281888,16.09057397789131
8.683133133133133,15.473239095108452,14.839903220142421,16.106574970074483
8.68984984984985,15.487466315319205,14.852344754871634,16.122587875766776
8.696566566566567,15.50169305267163,14.86477337671328,16.13861272862998
8.703283283283284,15.515919468118499,14.87718937564505,16.154649560591945
8.71,15.530145722612593,14.889593043330118,16.17069840189507
