rt_source,rt_target_predicted,ci_lower,ci_upper
2.33,0.657873293895848,-0.3922089743472923,1.7079555621389884
2.35002002002002,0.6633339673171593,-0.3865761317315518,1.7132440663658706
2.37004004004004,0.6687946407384685,-0.3809437224152389,1.7185330038921758
2.39006006006006,0.6742553141597728,-0.3753117466110526,1.7238223749305983
2.41008008008008,0.67971598758107,-0.3696802045312938,1.7291121796934337
2.4301001001001,0.6851766610023582,-0.36404909638786287,1.7344024183925792
2.45012012012012,0.6906373344236345,-0.35841842239226107,1.73969309123953
2.47014014014014,0.6960980078448968,-0.352788182755587,1.7449841984453807
2.49016016016016,0.7015586812661397,-0.3471583776885393,1.7502757402208187
2.51018018018018,0.7070193546873542,-0.34152900740141656,1.755567716776125
2.5302002002002,0.7124800281085323,-0.3359000721041102,1.7608601283211747
2.55022022022022,0.7179407015296646,-0.33027157200610713,1.7661529750654363
2.5702402402402402,0.7234013749507431,-0.3246435073164844,1.7714462572179706
2.5902602602602602,0.7288620483717593,-0.3190158782439113,1.77673997498743
2.6102802802802803,0.7343227217927056,-0.3133886849966455,1.782034128582057
2.6303003003003003,0.7397833952135825,-0.30776192778252554,1.7873287182096904
2.6503203203203203,0.7452440686343914,-0.3021356068089761,1.7926237440777588
2.6703403403403403,0.7507047420551329,-0.2965097222830091,1.797919206393275
2.6903603603603603,0.7561654154758095,-0.2908842744112199,1.803215105362839
2.7103803803803803,0.7616260888964218,-0.2852592633997889,1.8085114411926324
2.7304004004004003,0.7670867623169717,-0.27963468945447856,1.813808214088422
2.7504204204204203,0.7725474357374601,-0.27401055278063347,1.8191054242555538
2.7704404404404404,0.778008109157889,-0.2683868535831777,1.8244030718989557
2.7904604604604604,0.7834687825782591,-0.26276359206661537,1.8297011572231336
2.8104804804804804,0.7889294559985724,-0.25714076843502776,1.8349996804321727
2.8305005005005004,0.7943901294188305,-0.2515183828920724,1.8402986417297333
2.8505205205205204,0.7998508028390341,-0.24589643564098407,1.8455980413190523
2.8705405405405404,0.805311476259185,-0.24027492688457064,1.8508978794029405
2.8905605605605604,0.8107721496792846,-0.23465385682521367,1.8561981561837828
2.9105805805805804,0.8162328230993339,-0.22903322566486684,1.8614988718635346
2.9306006006006005,0.8216934965193351,-0.2234130336050536,1.8668000266437237
2.9506206206206205,0.8271541699392889,-0.2177932808468689,1.8721016207254468
2.9706406406406405,0.8326148433591954,-0.2121739675909763,1.8774036543093673
2.9906606606606605,0.8380755167790536,-0.2065550940376083,1.8827061275957155
3.0106806806806805,0.8435361901988623,-0.20093666038656344,1.888009040784288
3.0307007007007005,0.8489968636186197,-0.1953186668372059,1.8933123940744454
3.0507207207207205,0.8544575370383248,-0.18970111358846242,1.898616187665112
3.0707407407407405,0.8599182104579766,-0.1840840008388238,1.903920421754777
3.0907607607607606,0.8653788838775736,-0.17846732878634097,1.909225096541488
3.1107807807807806,0.8708395572971143,-0.17285109762862694,1.9145302122228554
3.1308008008008006,0.8763002307165977,-0.16723530756285188,1.9198357689960472
3.150820820820821,0.8817609041360223,-0.16161995878574575,1.9251417670577902
3.170840840840841,0.8872215775553873,-0.15600505149359334,1.930448206604368
3.190860860860861,0.8926822509746907,-0.15039058588223753,1.9357550878316188
3.210880880880881,0.8981429243939318,-0.1447765621470738,1.9410624109349375
3.230900900900901,0.9036035978131086,-0.13916298048305242,1.9463701761092698
3.250920920920921,0.9090642712322209,-0.13354984108467394,1.9516783835491158
3.270940940940941,0.9145249446512668,-0.12793714414599167,1.956987033448525
3.290960960960961,0.9199856180702449,-0.12232488986060897,1.9622961260010987
3.310980980980981,0.9254462914891542,-0.11671307842167622,1.9676056613999848
3.331001001001001,0.9309069649079932,-0.11110171002189351,1.97291563983788
3.351021021021021,0.9363676383267607,-0.1054907848535056,1.978226061507027
3.371041041041041,0.941828311745456,-0.09988030310830331,1.9835369265992153
3.391061061061061,0.9472889851640764,-0.09427026497762236,1.9888482353057753
3.411081081081081,0.9527496585826224,-0.08866067065233996,1.9941599878175849
3.4311011011011012,0.9582103320010912,-0.08305152032287688,1.9994721843250591
3.4511211211211212,0.9636710054194817,-0.07744281417919363,2.004784825018157
3.4711411411411413,0.9691316788377933,-0.07183455241079018,2.010097910086377
3.4911611611611613,0.9745923522560245,-0.06622673520670519,2.015411439718754
3.5111811811811813,0.9800530256741746,-0.06061936275551383,2.020725414103863
3.5312012012012013,0.9855136990922407,-0.055012435245330615,2.026039833429812
3.5512212212212213,0.9909743725102235,-0.049405952863801006,2.031354697884248
3.5712412412412413,0.9964350459281203,-0.04379991579810716,2.036670007654348
3.5912612612612613,1.0018957193459306,-0.038194324234962496,2.0419857629268234
3.6112812812812813,1.0073563927636517,-0.03258917836061426,2.047301963887918
3.6313013013013014,1.0128170661812845,-0.02698447836083684,2.052618610723406
3.6513213213213214,1.018277739598827,-0.0213802244209369,2.0579357036185906
3.6713413413413414,1.0237384130162757,-0.015776416725750364,2.063253242758302
3.6913613613613614,1.0291990864336322,-0.01017305545963576,2.0685712283269
3.7113813813813814,1.0346597598508942,-0.004570140806481771,2.07388966050827
3.7314014014014014,1.0401204332680603,0.0010323270502994308,2.079208539485821
3.7514214214214214,1.0455811066851293,0.006634347927771511,2.084527865442487
3.7714414414414414,1.0510417801021001,0.012235921643475534,2.089847638560725
3.7914614614614615,1.0565024535189709,0.0178370480154304,2.0951678590225113
3.8114814814814815,1.0619631269357406,0.02343772686213552,2.100488527009346
3.8315015015015015,1.0674238003524088,0.02903795800257103,2.105809642702247
3.8515215215215215,1.0728844737689733,0.03463774125619712,2.1111312062817493
3.8715415415415415,1.0783451471854333,0.04023707644295804,2.1164532179279085
3.8915615615615615,1.0838058206017862,0.045835963383280554,2.121775677820292
3.9115815815815815,1.0892664940180325,0.051434401898078796,2.1270985861379863
3.9316016016016015,1.0947271674341705,0.05703239180875186,2.1324219430595894
3.951621621621622,1.1001878408501977,0.06262993293718444,2.137745748763211
3.971641641641642,1.1056485142661154,0.06822702510575307,2.1430700034264776
3.991661661661662,1.1111091876819186,0.07382366813731789,2.1483947072265193
4.011681681681682,1.116569861097609,0.07941986185523642,2.153719860339981
4.031701701701702,1.1220305345131847,0.08501560608335357,2.159045462943016
4.051721721721722,1.1274912079286437,0.09061090064600652,2.164371515211281
4.071741741741742,1.1329518813439845,0.09620574536802762,2.1696980173199414
4.091761761761762,1.138412554759207,0.10180014007474458,2.1750249694436694
4.111781781781782,1.1438732281743103,0.1073940845919803,2.18035237175664
4.131801801801802,1.14933390158929,0.11298757874605214,2.185680224432528
4.151821821821822,1.154794575004149,0.11858062236378064,2.1910085276445175
4.171841841841842,1.1602552484188835,0.12417321527248104,2.196337281565286
4.191861861861862,1.1657159218334918,0.1297653572999693,2.2016664863670146
4.211881881881882,1.1711765952479745,0.1353570482745654,2.2069961422213833
4.231901901901902,1.1766372686623294,0.14094828802508919,2.2123262492995694
4.251921921921922,1.1820979420765552,0.14653907638086427,2.2176568077722463
4.271941941941942,1.18755861549065,0.1521294131717179,2.2229878178095817
4.291961961961962,1.1930192889046136,0.15771929822798514,2.228319279581242
4.311981981981982,1.1984799623184434,0.1633087313805046,2.2336511932563825
4.332002002002002,1.2039406357321396,0.1688977124606259,2.2389835590036533
4.352022022022022,1.2094013091457017,0.17448624130020596,2.2443163769911973
4.372042042042042,1.2148619825591243,0.18007431773160665,2.249649647386642
4.392062062062062,1.2203226559724105,0.18566194158770966,2.2549833703571114
4.412082082082082,1.225783329385558,0.19124911270190226,2.2603175460692135
4.432102102102102,1.2312440027985636,0.196835830908084,2.265652174689043
4.452122122122122,1.2367046762114264,0.2024220960406704,2.2709872563821825
4.472142142142142,1.242165349624148,0.20800790793459467,2.276322791313701
4.492162162162162,1.2476260230367247,0.21359326642530085,2.2816587796481484
4.512182182182182,1.2530866964491552,0.21917817134875173,2.2869952215495584
4.532202202202202,1.2585473698614384,0.22476262254142898,2.2923321171814477
4.552222222222222,1.2640080432735732,0.23034661984033233,2.297669466706814
4.572242242242242,1.2694687166855594,0.23593016308298376,2.303007270288135
4.592262262262262,1.2749293900973941,0.24151325210742258,2.308345528087366
4.612282282282282,1.2803900635090766,0.24709588675221306,2.31368424026594
4.6323023023023024,1.2858507369206054,0.25267806685644123,2.3190234069847695
4.6523223223223225,1.2913114103319803,0.2582597922597192,2.3243630284042416
4.6723423423423425,1.2967720837431993,0.2638410628021819,2.3297031046842167
4.6923623623623625,1.3022327571542591,0.2694218783244893,2.3350436359840288
4.7123823823823825,1.3076934305651615,0.2750022386678339,2.340384622462489
4.7324024024024025,1.313154103975905,0.28058214367393264,2.345726064277877
4.7524224224224225,1.3186147773864874,0.2861615931850312,2.3510679615879435
4.7724424424424425,1.3240754507969057,0.29174058704390515,2.3564103145499065
4.7924624624624625,1.3295361242071617,0.29731912509386493,2.3617531233204585
4.812482482482483,1.334996797617251,0.3028972071787477,2.3670963880557543
4.832502502502503,1.3404574710271762,0.30847483314293056,2.3724401089114218
4.852522522522523,1.3459181444369321,0.3140520028313174,2.377784286042547
4.872542542542543,1.351378817846521,0.3196287160893543,2.3831289196036876
4.892562562562563,1.3568394912559383,0.32520497276301685,2.38847400974886
4.912582582582583,1.3623001646651844,0.33078077269882256,2.3938195566315463
4.932602602602603,1.3677608380742592,0.3363561157438264,2.399165560404692
4.952622622622623,1.3732215114831587,0.3419310017456192,2.4045120212206985
4.972642642642643,1.3786821848918829,0.34750543055233507,2.4098589392314307
4.992662662662663,1.3841428583004323,0.3530794020126502,2.4152063145882146
5.012682682682683,1.3896035317088016,0.3586529159757772,2.420554147441826
5.032702702702703,1.395064205116993,0.364225972291478,2.425902437942508
5.052722722722723,1.4005248785250044,0.3697985708100553,2.4312511862399537
5.072742742742743,1.4059855519328341,0.3753707113823568,2.4366003924833115
5.092762762762763,1.4114462253404803,0.38094239385977535,2.4419500568211854
5.112782782782783,1.416906898747942,0.3865136180942528,2.4473001794016316
5.132802802802803,1.4223675721552191,0.3920843839382777,2.4526507603721606
5.152822822822823,1.4278282455623093,0.3976546912448873,2.458001799879731
5.172842842842843,1.4332889189692113,0.4032245398676677,2.463353298070755
5.192862862862863,1.4387495923759244,0.4087939296607572,2.4687052550910913
5.212882882882883,1.4442102657824463,0.4143628604788434,2.474057671086049
5.232902902902903,1.449670939188776,0.4199313321771687,2.4794105462003833
5.252922922922923,1.4551316125949134,0.4254993446115287,2.4847638805782983
5.272942942942943,1.4605922860008576,0.431066897638273,2.490117674363442
5.292962962962963,1.4660529594066043,0.4366339911143038,2.4954719276989046
5.312982982982983,1.4715136328121536,0.44220062489708223,2.500826640727225
5.333003003003003,1.4769743062175056,0.4477667988446281,2.5061818135903833
5.353023023023023,1.4824349796226577,0.4533325128155157,2.5115374464297995
5.373043043043043,1.4878956530276095,0.4588977666688814,2.516893539386338
5.393063063063063,1.4933563264323586,0.46446256026441834,2.5222500926002986
5.413083083083083,1.4988169998369043,0.470026893462383,2.5276071062114256
5.433103103103103,1.504277673241246,0.4755907661235932,2.5329645803588985
5.453123123123123,1.5097383466453815,0.4811541781094282,2.538322515181335
5.473143143143143,1.5151990200493093,0.4867171292818313,2.5436809108167875
5.493163163163163,1.5206596934530288,0.49227961950331056,2.549039767402747
5.513183183183183,1.5261203668565388,0.4978416486369397,2.554399085076138
5.533203203203203,1.5315810402598378,0.5034032165463578,2.5597588639733178
5.553223223223224,1.5370417136629246,0.5089643230957712,2.565119104230078
5.573243243243244,1.5425023870657977,0.5145249681499544,2.570479805981641
5.593263263263264,1.5479630604684547,0.52008515157425,2.5758409693626594
5.613283283283284,1.5534237338708963,0.5256448732345727,2.5812025945072197
5.633303303303304,1.558884407273121,0.5312041329974062,2.5865646815488357
5.653323323323324,1.564345080675126,0.5367629307298039,2.591927230620448
5.673343343343344,1.5698057540769115,0.5423212662993955,2.5972902418544273
5.693363363363364,1.5752664274784753,0.5478791395743805,2.60265371538257
5.713383383383384,1.5807271008798167,0.5534365504235348,2.6080176513360986
5.733403403403404,1.5861877742809338,0.5589934987162077,2.6133820498456597
5.753423423423424,1.591648447681827,0.5645499843223265,2.6187469110413275
5.773443443443444,1.5971091210824924,0.570106007112392,2.6241122350525927
5.793463463463464,1.602569794482931,0.5756615669574852,2.6294780220083767
5.813483483483484,1.60803046788314,0.5812166637292644,2.6348442720370158
5.833503503503504,1.6134911412831192,0.5867712972999672,2.640210985266271
5.853523523523524,1.6189518146828663,0.5923254675424112,2.6455781618233214
5.873543543543544,1.6244124880823818,0.5978791743299965,2.650945801834767
5.893563563563564,1.629873161481662,0.6034324175367014,2.6563139054266225
5.913583583583584,1.6353338348807067,0.6089851970370901,2.6616824727243236
5.933603603603604,1.6407945082795146,0.6145375127063086,2.6670515038527203
5.953623623623624,1.6462551816780855,0.6200893644200893,2.6724209989360816
5.973643643643644,1.6517158550764168,0.6256407520547462,2.6777909580980874
5.993663663663664,1.657176528474507,0.6311916754871811,2.683161381461833
6.013683683683684,1.6626372018723559,0.6367421345948834,2.688532269149828
6.033703703703704,1.6680978752699613,0.642292129255928,2.6939036212839946
6.053723723723724,1.673558548667323,0.6478416593489804,2.6992754379856656
6.073743743743744,1.6790192220644384,0.6533907247532929,2.704647719375584
6.093763763763764,1.6844798954613072,0.6589393253487088,2.7100204655739057
6.113783783783784,1.6899405688579274,0.6644874610156628,2.715393676700192
6.133803803803804,1.6954012422542988,0.6700351316351802,2.720767352873417
6.153823823823824,1.7008619156504194,0.6755823370888794,2.7261414942119595
6.173843843843844,1.7063225890462874,0.6811290772589702,2.7315161008336046
6.193863863863864,1.711783262441902,0.6866753520282582,2.736891172855546
6.213883883883884,1.7172439358372622,0.692221161280143,2.7422667103943814
6.233903903903904,1.7227046092323663,0.6977665048986199,2.747642713566113
6.253923923923924,1.7281652826272142,0.7033113827682804,2.753019182486148
6.273943943943944,1.7336259560218021,0.7088557947743108,2.7583961172692932
6.293963963963964,1.7390866294161313,0.7143997408024996,2.763773518029763
6.313983983983984,1.7445473028101999,0.7199432207392307,2.769151384881169
6.334004004004004,1.750007976204005,0.7254862344714865,2.774529717936524
6.354024024024024,1.7554686495975473,0.7310287818868528,2.779908517308242
6.3740440440440445,1.7609293229908243,0.7365708628735128,2.785287783108136
6.3940640640640645,1.7663899963838354,0.7421124773202541,2.7906675154474168
6.4140840840840845,1.7718506697765792,0.7476536251164643,2.7960477144366944
6.4341041041041045,1.7773113431690541,0.7531943061521349,2.8014283801859734
6.4541241241241245,1.7827720165612588,0.7587345203178615,2.806809512804656
6.4741441441441445,1.7882326899531926,0.7642742675048442,2.812191112401541
6.4941641641641645,1.7936933633448537,0.769813547604888,2.8175731790848193
6.5141841841841845,1.7991540367362415,0.7753523605104042,2.822955712962079
6.534204204204205,1.8046147101273535,0.7808907061144095,2.8283387141402976
6.554224224224225,1.8100753835181906,0.7864285843105312,2.8337221827258503
6.574244244244245,1.8155360569087549,0.791965994993006,2.8391061188245037
6.594264264264265,1.8209967302990497,0.7975029380566807,2.8444905225414185
6.614284284284285,1.8264574036890788,0.803039413397012,2.8498753939811454
6.634304304304305,1.8319180770788446,0.8085754209100653,2.855260733247624
6.654324324324325,1.8373787504683505,0.8141109604925185,2.8606465404441828
6.674344344344345,1.8428394238575998,0.8196460320416605,2.866032815673539
6.694364364364365,1.848300097246595,0.8251806354553919,2.871419559037798
6.714384384384385,1.8537607706353403,0.830714770632228,2.876806770638453
6.734404404404405,1.859221444023838,0.8362484374712964,2.8821944505763795
6.754424424424425,1.8646821174120913,0.8417816358723393,2.8875825989518433
6.774444444444445,1.8701427908001045,0.8473143657357156,2.8929712158644936
6.794464464464465,1.8756034641878798,0.8528466269623975,2.898360301413362
6.814484484484485,1.88106413757542,0.8583784194539743,2.9037498556968657
6.834504504504505,1.886524810962729,0.8639097431126537,2.9091398788128044
6.854524524524525,1.8919854843498094,0.8694405978412598,2.914530370858359
6.874544544544545,1.897446157736665,0.874970983543236,2.919921331930094
6.894564564564565,1.902906831123298,0.8805009001226436,2.9253127621239523
6.914584584584585,1.908367504509713,0.8860303474841655,2.9307046615352608
6.934604604604605,1.9138281778959123,0.8915593255331036,2.936097030258721
6.954624624624625,1.9192888512818982,0.8970878341753796,2.941489868388417
6.974644644644645,1.9247495246676753,0.9026158733175402,2.9468831760178107
6.994664664664665,1.9302101980532465,0.9081434428667521,2.952276953239741
7.014684684684685,1.9356708714386144,0.9136705427308047,2.9576712001464243
7.034704704704705,1.9411315448237825,0.9191971728181119,2.963065916829453
7.054724724724725,1.9465922182087534,0.9247233330377111,2.968461103379796
7.074744744744745,1.9520528915935311,0.9302490232992655,2.9738567598877967
7.094764764764765,1.9575135649781188,0.9357742435130629,2.9792528864431747
7.114784784784785,1.9629742383625188,0.9412989935900169,2.984649483135021
7.134804804804805,1.968434911746735,0.9468232734416682,2.990046550051802
7.154824824824825,1.9738955851307698,0.9523470829801843,2.9954440872813555
7.174844844844845,1.9793562585146272,0.9578704221183616,3.000842094910893
7.194864864864865,1.98481693189831,0.9633932907696234,3.0062405730269965
7.214884884884885,1.9902776052818216,0.9689156888480239,3.0116395217156193
7.234904904904905,1.9957382786651645,0.9744376162682444,3.0170389410620846
7.254924924924925,2.001198952048342,0.979959072945598,3.022438831151086
7.274944944944945,2.0066596254313582,0.9854800587960295,3.027839192066687
7.294964964964965,2.012120298814216,0.9910005737361134,3.0332400238923185
7.314984984984985,2.0175809721969173,0.9965206176830557,3.038641326710779
7.335005005005005,2.0230416455794664,1.0020401905546963,3.0440431006042363
7.355025025025025,2.0285023189618654,1.0075592922695071,3.049445345654224
7.375045045045045,2.033962992344119,1.0130779227465954,3.0548480619416427
7.395065065065065,2.0394236657262295,1.0185960819057,3.060251249546759
7.415085085085085,2.0448843391082,1.024113769667197,3.065654908549203
7.435105105105105,2.0503450124900344,1.0296309859520962,3.071059039027973
7.455125125125125,2.055805685871735,1.035147730682043,3.0764636410614266
7.475145145145145,2.0612663592533047,1.0406640037793196,3.08186871472729
7.495165165165165,2.066727032634748,1.0461798051668458,3.0872742601026504
7.515185185185185,2.072187706016066,1.0516951347681769,3.0926802772639554
7.535205205205205,2.0776483793972655,1.0572099925075102,3.098086766287021
7.555225225225225,2.083109052778345,1.0627243783096745,3.1034937272470158
7.575245245245245,2.0885697261593106,1.0682382921001443,3.108901160218477
7.595265265265265,2.0940303995401655,1.0737517338050309,3.1143090652753003
7.615285285285285,2.099491072920911,1.079264703351084,3.119717442490738
7.635305305305305,2.1049517463015524,1.0847772006656973,3.1251262919374074
7.655325325325325,2.1104124196820915,1.0902892256769023,3.1305356136872806
7.675345345345345,2.115873093062531,1.0958007783133732,3.135945407811689
7.695365365365365,2.1213337664428757,1.1013118585044273,3.141355674381324
7.715385385385385,2.1267944398231284,1.106822466180023,3.146766413466234
7.735405405405405,2.132255113203291,1.1123326012707608,3.1521776251358213
7.755425425425425,2.1377157865833682,1.1178422637078875,3.157589309458849
7.775445445445445,2.143176459963362,1.1233514534232907,3.1630014665034336
7.795465465465465,2.148637133343276,1.128860170349504,3.168414096337048
7.815485485485485,2.1540978067231125,1.1343684144197055,3.1738271990265194
7.835505505505505,2.1595584801028767,1.1398761855677197,3.179240774638034
7.855525525525525,2.1650191534825716,1.1453834837280163,3.1846548232371266
7.875545545545545,2.170479826862197,1.1508903088357074,3.1900693448886868
7.895565565565565,2.1759405002417602,1.1563966608265588,3.1954843396569617
7.9155855855855854,2.1814011736212606,1.1619025396369764,3.200899807605545
7.9356056056056055,2.1868618470007046,1.1674079452040198,3.2063157487973895
7.9556256256256255,2.1923225203800936,1.1729128774653925,3.2117321632947946
7.9756456456456455,2.197783193759432,1.1784173363594481,3.2171490511594154
7.9956656656656655,2.203243867138722,1.1839213218251883,3.222566412452255
8.015685685685686,2.2087045405179664,1.189424833802264,3.227984247233669
8.035705705705706,2.214165213897168,1.194927872230975,3.2334025555633605
8.055725725725726,2.2196258872763326,1.2004304370522758,3.238821337500389
8.075745745745746,2.225086560655461,1.2059325282077646,3.2442405931031573
8.095765765765766,2.2305472340345562,1.2114341456396949,3.249660322429418
8.115785785785786,2.236007907413624,1.216935289290972,3.2550805255362762
8.135805805805806,2.241468580792665,1.2224359591051488,3.2605012024801807
8.155825825825826,2.246929254171682,1.2279361550264332,3.265922353316931
8.175845845845846,2.2523899275506793,1.2334358769996858,3.271343978101673
8.195865865865866,2.2578506009296615,1.238935124970421,3.2767660768889018
8.215885885885886,2.2633112743086286,1.2444338988848014,3.282188649732456
8.235905905905906,2.2687719476875863,1.2499321986896499,3.2876116966855227
8.255925925925926,2.2742326210665365,1.2554300243324386,3.293035217800634
8.275945945945946,2.279693294445483,1.2609273757612962,3.2984592131296697
8.295965965965966,2.2851539678244284,1.266424252925005,3.3038836827238516
8.315985985985986,2.2906146412033763,1.2719206557730034,3.309308626633749
8.336006006006006,2.2960753145823296,1.277416584255384,3.314734044909275
8.356026026026026,2.301535987961292,1.282912038322897,3.3201599375996875
8.376046046046046,2.3069966613402655,1.2884070179269456,3.3255863047535854
8.396066066066066,2.3124573347192547,1.2939015230195934,3.331013146418916
8.416086086086086,2.317918008098261,1.2993955535535566,3.3364404626429653
8.436106106106106,2.3233786814772897,1.3048891094822137,3.3418682534723656
8.456126126126126,2.328839354856342,1.3103821907595947,3.3472965189530894
8.476146146146146,2.3343000282354223,1.3158747973403921,3.3527252591304526
8.496166166166166,2.3397607016145336,1.3213669291799548,3.3581544740491127
8.516186186186186,2.345221374993679,1.3268585862342892,3.3635841637530692
8.536206206206206,2.350682048372861,1.3323497684600607,3.3690143282856617
8.556226226226226,2.3561427217520823,1.3378404758145934,3.374444967689571
8.576246246246246,2.3616033951313495,1.3433307082558759,3.379876082006823
8.596266266266266,2.3670640685106616,1.3488204657425467,3.3853076712787766
8.616286286286286,2.372524741890024,1.354309748233912,3.390739735546136
8.636306306306306,2.377985415269438,1.3597985556899341,3.3961722748489422
8.656326326326326,2.3834460886489097,1.3652868880712397,3.4016052892265796
8.676346346346346,2.3889067620284394,1.3707747453391108,3.407038778717768
8.696366366366366,2.3943674354080318,1.3762621274554951,3.4124727433605684
8.716386386386386,2.3998281087876903,1.381749034383,3.417907183192381
8.736406406406406,2.4052887821674167,1.3872354660848927,3.4233420982499405
8.756426426426426,2.410749455547216,1.3927214225251054,3.4287774885693265
8.776446446446446,2.41621012892709,1.3982069036682294,3.4342133541859505
8.796466466466466,2.4216708023070415,1.4036919094795188,3.4396496951345643
8.816486486486486,2.427131475687074,1.4091764399248914,3.445086511449256
8.836506506506506,2.432592149067191,1.4146604949709276,3.4505238031634544
8.856526526526526,2.4380528224473963,1.4201440745848706,3.4559615703099222
8.876546546546546,2.443513495827693,1.4256271787346266,3.4613998129207593
8.896566566566566,2.448974169208083,1.4311098073887645,3.4668385310274012
8.916586586586586,2.4544348425885705,1.4365919605165178,3.472277724660623
8.936606606606606,2.4598955159691576,1.4420736380877834,3.477717393850532
8.956626626626626,2.4653561893498477,1.447554840073122,3.4831575386265734
8.976646646646646,2.470816862730645,1.4530355664437606,3.488598159017529
8.996666666666666,2.4762775361115525,1.4585158171715895,3.494039255051516
9.016686686686686,2.4817382094925735,1.4639955922291623,3.4994808267559847
9.036706706706706,2.4871988828737086,1.4694748915896971,3.50492287415772
9.056726726726726,2.492659556254965,1.4749537152270817,3.510365397282848
9.076746746746746,2.498120229636342,1.4804320631158632,3.515808396156821
9.096766766766766,2.5035809030178457,1.485909935231259,3.5212518708044325
9.116786786786786,2.509041576399478,1.4913873315491486,3.526695821249807
9.136806806806806,2.5145022497812417,1.4968642520460795,3.532140247516404
9.156826826826826,2.5199629231631406,1.5023406966992636,3.5375851496270174
9.176846846846846,2.5254235965451777,1.50781666548658,3.5430305276037752
9.196866866866866,2.530884269927357,1.5132921583865748,3.548476381468139
9.216886886886886,2.536344943309679,1.5187671753784564,3.5539227112409018
9.236906906906906,2.5418056166921508,1.5242417164421072,3.559369516942194
9.256926926926926,2.5472662900747713,1.5297157815580664,3.564816798591476
9.276946946946946,2.552726963457548,1.5351893707075503,3.5702645562075452
9.296966966966966,2.55818763684048,1.540662483872434,3.5757127898085264
9.316986986986986,2.5636483102235723,1.5461351210352638,3.5811614994118806
9.337007007007006,2.569108983606829,1.5516072821792537,3.5866106850344037
9.357027027027026,2.5745696569902523,1.5570789672882828,3.5920603466922216
9.377047047047046,2.5800303303738454,1.562550176346898,3.597510484400793
9.397067067067066,2.585491003757611,1.5680209093403146,3.602961098174907
9.417087087087086,2.590951677141554,1.5734911662544167,3.6084121880286912
9.437107107107106,2.596412350525675,1.578960947075752,3.6138637539755982
9.457127127127126,2.6018730239099783,1.5844302517915398,3.619315796028417
9.477147147147146,2.6073336972944676,1.5898990803896669,3.6247683141992684
9.497167167167166,2.6127943706791457,1.5953674328586867,3.6302213084996047
9.517187187187186,2.6182550440640147,1.6008353091878211,3.635674778940208
9.537207207207206,2.623715717449081,1.6063027093669633,3.6411287255311984
9.557227227227227,2.6291763908343433,1.6117696333866678,3.646583148282019
9.577247247247247,2.634637064219808,1.6172360812381643,3.6520380472014513
9.597267267267267,2.6400977376054775,1.622702052913348,3.657493422297607
9.617287287287287,2.645558410991354,1.6281675484047813,3.6629492735779268
9.637307307307307,2.6510190843774413,1.633632567705697,3.6684056010491854
9.657327327327327,2.6564797577637433,1.6390971108099974,3.6738624047174895
9.677347347347347,2.6619404311502617,1.6445611777122495,3.6793196845882736
9.697367367367367,2.667401104537001,1.650024768407693,3.684777440666309
9.717387387387387,2.6728617779239645,1.6554878828922348,3.690235672955694
9.737407407407407,2.678322451311154,1.6609505211624482,3.6956943814598597
9.757427427427427,2.6837831246985724,1.6664126832155777,3.701153566181567
9.777447447447447,2.6892437980862245,1.671874369049537,3.706613227122912
9.797467467467467,2.694704471474113,1.6773355786629074,3.7120733642853185
9.817487487487487,2.7001651448622415,1.6827963120549398,3.717533977669543
9.837507507507507,2.7056258182506103,1.6882565692255496,3.7229950672756713
9.857527527527527,2.711086491639227,1.693716350175329,3.728456633103125
9.877547547547547,2.7165471650280915,1.6991756549055315,3.7339186751506515
9.897567567567567,2.7220078384172077,1.7046344834180827,3.7393811934163326
9.917587587587587,2.727468511806579,1.7100928357155765,3.7448441878975816
9.937607607607607,2.7329291851962085,1.7155507118012758,3.750307658591141
9.957627627627627,2.7383898585860997,1.7210081116791118,3.755771605493088
9.977647647647647,2.743850531976256,1.726465035353685,3.761236028598827
9.997667667667667,2.7493112053666793,1.7319214828302623,3.7667009279030963
10.017687687687687,2.7547718787573743,1.7373774541147822,3.7721663033999664
10.037707707707707,2.7602325521483424,1.7428329492138488,3.777632155082836
10.057727727727727,2.7656932255395885,1.748287968134738,3.783098482944439
10.077747747747747,2.771153898931114,1.7537425108853903,3.7885652869768376
10.097767767767767,2.7766145723229236,1.7591965774744185,3.7940325671714286
10.117787787787787,2.7820752457150193,1.7646501679111002,3.7995003235189384
10.137807807807807,2.787535919107406,1.770103282205385,3.8049685560094266
10.157827827827827,2.7929965925000846,1.7755559203678866,3.8104372646322826
10.177847847847847,2.79845726589306,1.7810080824098902,3.8159064493762296
10.197867867867867,2.803917939286335,1.7864597683433472,3.8213761102293233
10.217887887887887,2.8093786126799114,1.7919109781808762,3.8268462471789464
10.237907907907907,2.8148392860737936,1.7973617119357663,3.832316860211821
10.257927927927927,2.8202999594679854,1.802811969621973,3.8377879493139977
10.277947947947947,2.825760632862489,1.808261751254119,3.8432595144708586
10.297967967967967,2.8312213062573077,1.8137110568474955,3.84873155566712
10.317987987987987,2.836681979652445,1.8191598864180598,3.85420407288683
10.338008008008009,2.8421426530479033,1.8246082399824377,3.8596770661133686
10.358028028028029,2.847603326443687,1.8300561175579226,3.8651505353294517
10.378048048048049,2.8530639998397973,1.8355035191624727,3.870624480517122
10.398068068068069,2.8585246732362393,1.8409504448147165,3.876098901657762
10.418088088088089,2.8639853466330147,1.8463968945339464,3.881573798732083
10.438108108108109,2.8694460200301286,1.851842868340125,3.8870491717201325
10.458128128128129,2.8749066934275813,1.857288366253876,3.892525020601287
10.478148148148149,2.8803673668253778,1.862733388296495,3.8980013453542606
10.498168168168169,2.8858280402235224,1.8681779344899425,3.903478145957102
10.518188188188189,2.8912887136220156,1.8736220048568422,3.908955422387189
10.538208208208209,2.896749387020862,1.8790655994204872,3.9144331746212364
10.558228228228229,2.9022100604200656,1.8845087182048361,3.919911402635295
10.578248248248249,2.9076707338196264,1.8899513612345085,3.9253901064047443
10.598268268268269,2.9131314072195518,1.8953935285347978,3.930869285904306
10.618288288288289,2.9185920806198418,1.9008352201316552,3.9363489411080286
10.638308308308309,2.9240527540205012,1.9062764360517008,3.941829071989302
10.658328328328329,2.9295134274215315,1.9117171763222176,3.9473096785208455
10.678348348348349,2.934974100822939,1.9171574409711571,3.952790760674721
10.698368368368369,2.9404347742247228,1.9225972300271295,3.958272318422316
10.718388388388389,2.94589544762689,1.9280365435194156,3.963754351734364
10.738408408408409,2.9513561210294403,1.9334753814779544,3.969236860580926
10.758428428428429,2.9568167944323784,1.9389137439333524,3.9747198449314043
10.778448448448449,2.9622774678357082,1.9443516309168805,3.9802033047545358
10.798468468468469,2.967738141239432,1.9497890424604705,3.985687240018393
10.818488488488489,2.973198814643553,1.9552259785967194,3.9911716506903865
10.838508508508509,2.978659488048074,1.960662439358885,3.996656536737263
10.85852852852853,2.9841201614529993,1.9660984247808915,4.002141898125107
10.87854854854855,2.9895808348583315,1.9715339348973224,4.007627734819341
10.89856856856857,2.9950415082640722,1.9769689697434236,4.013114046784721
10.91858858858859,3.0005021816702273,1.9824035293551063,4.0186008339853485
10.93860860860861,3.005962855076798,1.9878376137689404,4.024088096384656
10.95862862862863,3.0114235284837885,1.9932712230221585,4.029575833945419
10.97864864864865,3.0168842018912017,1.9987043571526546,4.035064046629749
10.99866866866867,3.02234487529904,2.0041370161989827,4.040552734399097
11.01868868868869,3.0278055487073074,2.00956920020036,4.0460418972142556
11.03870870870871,3.0332662221160063,2.0150009091966603,4.051531535035352
11.05872872872873,3.038726895525141,2.0204321432284225,4.05702164782186
11.07874874874875,3.0441875689347144,2.0258629023368417,4.062512235532587
11.09876876876877,3.0496482423447286,2.031293186563774,4.068003298125683
11.11878878878879,3.0551089157551883,2.0367229959517354,4.073494835558641
11.13880880880881,3.060569589166095,2.0421523305438987,4.078986847788292
11.15882882882883,3.0660302625774523,2.047581190384098,4.084479334770807
11.17884884884885,3.0714909359892655,2.0530095755168265,4.0899722964617045
11.19886886886887,3.0769516094015352,2.0584374859872323,4.095465732815838
11.21888888888889,3.0824122828142646,2.0638649218411222,4.100959643787407
11.23890890890891,3.087872956227458,2.069291883124963,4.106454029329953
11.25892892892893,3.0933336296411182,2.0747183698858764,4.11194888939636
11.27894894894895,3.098794303055249,2.0801443821716425,4.117444223938856
11.29896896896897,3.1042549764698517,2.0855699200306956,4.122940032909008
11.31898898898899,3.109715649884932,2.090994983512129,4.128436316257735
11.33900900900901,3.1151763233004903,2.096419572665689,4.1339330739352915
11.35902902902903,3.120636996716532,2.1018436875417805,4.139430305891284
11.37904904904905,3.1260976701330607,2.1072673281914627,4.144928012074659
11.39906906906907,3.131558343550075,2.1126904946664444,4.150426192433706
11.41908908908909,3.1370190169675833,2.118113187019099,4.155924846916068
11.43910910910911,3.1424796903855876,2.1235354053024458,4.161423975468729
11.45912912912913,3.1479403638040897,2.12895714957016,4.16692357803802
11.47914914914915,3.1534010372230927,2.1343784198765707,4.172423654569615
11.49916916916917,3.1588617106426007,2.1397992162766597,4.177924205008542
11.51918918918919,3.164322384062617,2.1452195388260624,4.183425229299171
11.53920920920921,3.1697830574831443,2.150639387581064,4.188926727385224
11.55922922922923,3.1752437309041848,2.1560587625986036,4.194428699209766
11.57924924924925,3.180704404325744,2.161477663936272,4.199931144715216
11.59926926926927,3.1861650777478228,2.1668960916523075,4.205434063843338
11.61928928928929,3.191625751170425,2.172314045805603,4.210937456535247
11.63930930930931,3.1970864245935546,2.177731526455701,4.216441322731408
11.65932932932933,3.202547098017215,2.1831485336627923,4.221945662371637
11.67934934934935,3.2080077714414066,2.188565067487716,4.227450475395097
11.69936936936937,3.2134684448661353,2.193981127991964,4.232955761740307
11.71938938938939,3.2189291182914044,2.1993967152376745,4.238461521345134
11.73940940940941,3.2243897917172153,2.2048118292876326,4.243967754146798
11.75942942942943,3.22985046514357,2.2102264702052707,4.24947446008187
11.77944944944945,3.2353111385704723,2.2156406380546705,4.2549816390862745
11.79946946946947,3.240771811997917,2.221054332900552,4.260489291095282
11.81948948948949,3.2462324854259093,2.2264675548082913,4.265997416043527
11.83950950950951,3.2516931588544464,2.2318803038439023,4.2715060138649905
11.85952952952953,3.2571538322835303,2.23729258007405,4.27701508449301
11.87954954954955,3.2626145057131595,2.24270438356604,4.282524627860279
11.89956956956957,3.2680751791433362,2.2481157143878265,4.288034643898846
11.91958958958959,3.2735358525740588,2.2535265726080036,4.293545132540114
11.93960960960961,3.2789965260053284,2.258936958295812,4.299056093714845
11.95962962962963,3.284457199437145,2.264346871521134,4.304567527353156
11.97964964964965,3.2899178728695095,2.269756312354495,4.310079433384525
11.99966966966967,3.295378546302421,2.2751652808670615,4.3155918117377805
12.01968968968969,3.300839219735881,2.280573777130645,4.321104662341117
12.03970970970971,3.3062998931698884,2.285981801217693,4.326617985122084
12.05972972972973,3.311760566604444,2.291389353201297,4.3321317800075905
12.07974974974975,3.3172212400395478,2.2967964331551887,4.337646046923907
12.09976976976977,3.322681913475201,2.3022030411537378,4.343160785796664
12.11978978978979,3.3281425869114036,2.3076091772719547,4.348675996550853
12.13980980980981,3.333603260348155,2.313014841585486,4.354191679110825
12.15982982982983,3.339063933785455,2.318420034170618,4.359707833400292
12.17984984984985,3.3445246072233052,2.323824755104276,4.365224459342334
12.19986986986987,3.3499852806617048,2.3292290044640187,4.370741556859391
12.21988988988989,3.355445954100655,2.334632782328045,4.376259125873265
12.23990990990991,3.3609066275401553,2.340036088775187,4.381777166305124
12.25992992992993,3.366367300980207,2.3454389238849145,4.3872956780755
12.27994994994995,3.3718279744208077,2.350841287737328,4.392814661104287
12.29996996996997,3.37728864786196,2.356243180413168,4.398334115310752
12.31998998998999,3.3827493213036637,2.361644601993804,4.403854040613523
12.34001001001001,3.388209994745919,2.367045552561242,4.409374436930596
12.36003003003003,3.3936706681887254,2.372446032198118,4.414895304179333
12.38005005005005,3.3991313416320836,2.377846040987701,4.420416642276466
12.40007007007007,3.4045920150759947,2.3832455790138938,4.425938451138096
12.42009009009009,3.410052688520458,2.388644646361226,4.43146073067969
12.44011011011011,3.415513361965473,2.3940432431148597,4.436983480816086
12.46013013013013,3.4209740354110423,2.399441369360589,4.442506701461495
12.48015015015015,3.4264347088571623,2.40483902518483,4.448030392529494
12.50017017017017,3.4318953823038365,2.4102362106746367,4.453554553933037
12.52019019019019,3.437356055751065,2.415632925917685,4.459079185584445
12.54021021021021,3.4428167291988463,2.421029171002279,4.464604287395414
12.56023023023023,3.4482774026471814,2.4264249460173506,4.470129859277012
12.58025025025025,3.453738076096071,2.4318202510524585,4.4756559011396835
12.60027027027027,3.4591987495455148,2.437215086197784,4.481182412893245
12.62029029029029,3.464659422995514,2.4426094515441386,4.486709394446889
12.64031031031031,3.4701200964460663,2.4480033471829508,4.492236845709182
12.66033033033033,3.4755807698971752,2.453396773206281,4.49776476658807
12.68035035035035,3.4810414433488384,2.4587897297068046,4.503293156990872
12.70037037037037,3.4865021168010575,2.464182216777827,4.508822016824288
12.72039039039039,3.4919627902538313,2.4695742345132685,4.514351345994394
12.74041041041041,3.4974234637071624,2.474965783007677,4.519881144406648
12.76043043043043,3.5028841371610486,2.4803568623562158,4.525411411965882
12.78045045045045,3.5083448106154913,2.485747472654671,4.530942148576312
12.80047047047047,3.5138054840704913,2.491137613999447,4.536473354141536
12.82049049049049,3.519266157526048,2.4965272864875665,4.54200502856453
12.84051051051051,3.5247268309821616,2.5019164902166704,4.547537171747653
12.86053053053053,3.530187504438832,2.507305225285017,4.553069783592647
12.88055055055055,3.5356481778960602,2.512693491791482,4.558602864000639
12.90057057057057,3.541108851353846,2.5180812898355542,4.564136412872138
12.92059059059059,3.54656952481219,2.5234686195173417,4.569670430107038
12.94061061061061,3.5520301982710922,2.5288554809375636,4.575204915604621
12.96063063063063,3.5574908717305522,2.534241874197555,4.5807398692635495
12.98065065065065,3.562951545190571,2.5396277993992626,4.586275290981879
13.00067067067067,3.5684122186511487,2.545013256645248,4.591811180657049
13.02069069069069,3.573872892112286,2.550398246038683,4.597347538185889
13.04071071071071,3.5793335655739824,2.555782767683351,4.602884363464614
13.06073073073073,3.5847942390362375,2.561166821683643,4.608421656388832
13.08075075075075,3.5902549124990526,2.5665504081445647,4.6139594168535405
13.10077077077077,3.595715585962428,2.5719335271717285,4.619497644753128
13.12079079079079,3.601176259426363,2.5773161788713534,4.6250363399813725
13.14081081081081,3.606636932890859,2.5826983633502696,4.630575502431449
13.16083083083083,3.612097606355916,2.588080080715911,4.636115131995921
13.18085085085085,3.6175582798215338,2.593461331076319,4.641655228566749
13.20087087087087,3.6230189532877115,2.5988421145401395,4.6471957920352835
13.22089089089089,3.628479626754452,2.6042224312166256,4.652736822292278
13.24091091091091,3.6339403002217523,2.60960228121563,4.6582783192278745
13.26093093093093,3.6394009736896162,2.6149816646476145,4.663820282731618
13.28095095095095,3.644861647158041,2.620360581623638,4.669362712692444
13.30097097097097,3.6503223206270285,2.625739032255363,4.674905608998694
13.32099099099099,3.655782994096578,2.631117016655054,4.680448971538102
13.34101101101101,3.6612436675666906,2.6364945349355757,4.6859928001978055
13.36103103103103,3.6667043410373656,2.6418715872103897,4.691537094864342
13.38105105105105,3.672165014508604,2.6472481735935602,4.697081855423648
13.40107107107107,3.6776256879804063,2.652624294199746,4.702627081761067
13.42109109109109,3.683086361452771,2.657999949144204,4.708172773761339
13.44111111111111,3.6885470349257,2.6633751385427886,4.713718931308611
13.46113113113113,3.694007708399193,2.66874986251195,4.719265554286436
13.48115115115115,3.69946838187325,2.6741241211687306,4.724812642577769
13.50117117117117,3.704929055347872,2.6794979146307707,4.730360196064973
13.52119119119119,3.710389728823059,2.6848712430163015,4.735908214629816
13.54121121121121,3.7158504022988095,2.690244106444146,4.741456698153473
13.56123123123123,3.7213110757751258,2.695616505033721,4.747005646516531
13.58125125125125,3.7267717492520087,2.700988438905034,4.752555059598984
13.601271271271271,3.7322324227294557,2.70635990817868,4.7581049372802315
13.621291291291291,3.737693096207469,2.711730912975847,4.7636552794390905
13.641311311311311,3.7431537696860477,2.7171014534183096,4.769206085953786
13.661331331331331,3.748614443165194,2.7224715296284305,4.774757356701958
13.681351351351351,3.754075116644906,2.727841141729158,4.780309091560654
13.701371371371371,3.759535790125185,2.7332102898440294,4.7858612904063405
13.721391391391391,3.764996463606029,2.7385789740971624,4.791413953114896
13.741411411411411,3.7704571370874445,2.7439471946132685,4.79696707956162
13.761431431431431,3.7759178105694238,2.749314951517629,4.802520669621218
13.781451451451451,3.7813784840519715,2.754682244936121,4.808074723167822
13.801471471471471,3.7868391575350873,2.7600490749951962,4.813629240074978
13.821491491491491,3.7922998310187706,2.7654154418218893,4.819184220215652
13.841511511511511,3.797760504503023,2.770781345543817,4.824739663462229
13.861531531531531,3.8032211779878433,2.7761467862891713,4.830295569686515
13.881551551551551,3.8086818514732332,2.7815117641867286,4.835851938759738
13.901571571571571,3.8141425249591903,2.7868762793658357,4.841408770552545
13.921591591591591,3.8196031984457184,2.7922403319564255,4.846966064935011
13.941611611611611,3.8250638719328145,2.797603922088997,4.852523821776632
13.961631631631631,3.830524545420482,2.802967049894634,4.85808204094633
13.981651651651651,3.8359852189087182,2.808329715504986,4.86364072231245
14.001671671671671,3.8414458923975245,2.8136919190522818,4.869199865742767
14.021691691691691,3.846906565886901,2.8190536606693204,4.874759471104482
14.041711711711711,3.852367239376848,2.824414940489473,4.8803195382642235
14.061731731731731,3.857827912867366,2.829775758646682,4.88588006708805
14.081751751751751,3.8632885863584563,2.8351361152754606,4.891441057441452
14.101771771771771,3.868749259850116,2.840496010510887,4.8970025091893445
14.121791791791791,3.8742099333423474,2.8458554444886133,4.902564422196082
14.141811811811811,3.8796706068351505,2.8512144173448544,4.908126796325447
14.161831831831831,3.885131280328527,2.856572929216396,4.913689631440658
14.181851851851851,3.890591953822473,2.861930980240583,4.919252927404363
14.201871871871871,3.8960526273169926,2.867288570555332,4.924816684078653
14.221891891891891,3.9015133008120846,2.872645700299118,4.9303809013250515
14.241911911911911,3.9069739743077503,2.878002369610983,4.9359455790045175
14.261931931931931,3.912434647803988,2.883358578630527,4.941510716977449
14.281951951951951,3.9178953213007994,2.888714327497914,4.9470763151036845
14.301971971971971,3.9233559947981846,2.8940696163538666,4.952642373242503
14.321991991991991,3.9288166682961423,2.8994244453396663,4.958208891252618
14.342012012012011,3.934277341794676,2.9047788145971554,4.9637758689921965
14.362032032032031,3.9397380152937815,2.9101327242687294,4.969343306318834
14.382052052052051,3.9451986887934622,2.9154861744973446,4.9749112030895795
14.402072072072071,3.9506593622937185,2.920839165426511,4.980479559160926
14.422092092092091,3.956120035794548,2.9261916972002906,4.9860483743888055
14.442112112112111,3.9615807092959527,2.9315437699633033,4.991617648628602
14.462132132132131,3.9670413827979343,2.9368953838607217,4.997187381735147
14.482152152152151,3.9725020563004905,2.9422465390382655,5.0027575735627154
14.502172172172171,3.977962729803622,2.947597235642209,5.0083282239650355
14.522192192192191,3.9834234033073295,2.952947473819375,5.013899332795284
14.542212212212211,3.988884076811613,2.958297253717136,5.01947089990609
14.562232232232232,3.994344750316475,2.9636465754834154,5.025042925149535
14.582252252252252,3.9998054238219103,2.9689954392666746,5.030615408377146
14.602272272272272,4.005266097327924,2.974343845215932,5.036188349439916
14.622292292292292,4.0107267708345145,2.979691793480744,5.041761748188285
14.642312312312312,4.016187444341683,2.985039284211215,5.047335604472151
14.662332332332332,4.021648117849429,2.9903863175579897,5.052909918140868
14.682352352352352,4.027108791357754,2.9957328936722574,5.05848468904325
14.702372372372372,4.032569464866654,3.0010790127057447,5.0640599170275635
14.722392392392392,4.038030138376134,3.006424674810724,5.069635601941544
14.742412412412412,4.043490811886191,3.0117698801400046,5.075211743632378
14.762432432432432,4.048951485396823,3.0171146288469277,5.080788341946718
14.782452452452452,4.0544121589080255,3.0224589210853763,5.086365396730675
14.802472472472472,4.059872832419793,3.0278027570097645,5.0919429078298215
14.822492492492492,4.065333505932123,3.0331461367750467,5.097520875089199
14.842512512512512,4.070794179445009,3.0384890605367088,5.10309929835331
14.862532532532532,4.0762548529584475,3.043831528450769,5.1086781774661265
14.882552552552552,4.081715526472432,3.049173540673779,5.1142575122710845
14.902572572572572,4.08717619998696,3.0545150973628243,5.119837302611096
14.922592592592592,4.092636873502025,3.0598561986755177,5.1254175483285325
14.942612612612612,4.098097547017624,3.0651968447700026,5.130998249265246
14.962632632632632,4.103558220533752,3.0705370358049517,5.136579405262552
14.982652652652652,4.109018894050405,3.0758767719395648,5.142161016161245
15.002672672672672,4.114479567567577,3.0812160533335664,5.147743081801588
15.022692692692692,4.119940241085266,3.08655488014721,5.1533256020233225
15.042712712712712,4.125400914603462,3.091893252541266,5.158908576665659
15.062732732732732,4.130861588122166,3.0972311706770386,5.164492005567294
15.082752752752752,4.1363222616413715,3.102568634716347,5.170075888566396
15.102772772772772,4.141782935161073,3.1079056448215336,5.1756602255006126
15.122792792792792,4.147243608681267,3.113242201155462,5.181245016207072
15.142812812812812,4.15270428220195,3.1185783038815162,5.186830260522383
15.162832832832834,4.158164955723115,3.123913953163594,5.192415958282636
15.182852852852854,4.163625629244757,3.129249149166113,5.198002109323402
15.202872872872874,4.169086302766873,3.134583892054008,5.203588713479737
15.222892892892894,4.17454697628946,3.139918181992731,5.20917577058619
15.242912912912914,4.18000764981251,3.1452520191482405,5.21476328047678
15.262932932932934,4.185468323336021,3.1505854036870167,5.220351242985026
15.282952952952954,4.190928996859987,3.155918335776045,5.225939657943929
15.302972972972974,4.196389670384404,3.161250815582827,5.231528525185981
15.322992992992994,4.201850343909267,3.1665828432753713,5.237117844543162
15.343013013013014,4.207311017434572,3.1719144190221966,5.242707615846947
15.363033033033034,4.212771690960314,3.1772455429923285,5.248297838928299
15.383053053053054,4.218232364486488,3.1825762153552994,5.253888513617676
15.403073073073074,4.22369303801309,3.18790643628115,5.259479639745031
15.423093093093094,4.229153711540114,3.193236205940419,5.265071217139809
15.443113113113114,4.234614385067559,3.19856552450416,5.270663245630958
15.463133133133134,4.240075058595417,3.203894392143918,5.276255725046916
15.483153153153154,4.245535732123684,3.2092228090317447,5.281848655215622
15.503173173173174,4.250996405652356,3.2145507753401925,5.287442035964519
15.523193193193194,4.25645707918143,3.219878291242313,5.293035867120546
15.543213213213214,4.261917752710898,3.2252053569116526,5.298630148510142
15.563233233233234,4.267378426240756,3.2305319725222583,5.304224879959254
15.583253253253254,4.2728390997710015,3.235858138248674,5.309820061293329
15.603273273273274,4.27829977330163,3.2411838542659384,5.315415692337322
15.623293293293294,4.283760446832635,3.246509120749579,5.321011772915691
15.643313313313314,4.2892211203640125,3.251833937875623,5.326608302852402
15.663333333333334,4.294681793895759,3.257158305820586,5.332205281970931
15.683353353353354,4.300142467427868,3.2624822247614746,5.3378027100942615
15.703373373373374,4.305603140960336,3.2678056948757863,5.343400587044886
15.723393393393394,4.311063814493159,3.2731287163415046,5.348998912644813
15.743413413413414,4.316524488026332,3.2784512893371036,5.354597686715559
15.763433433433434,4.321985161559849,3.283773414041541,5.360196909078157
15.783453453453454,4.327445835093708,3.2890950906342633,5.365796579553153
15.803473473473474,4.332906508627902,3.2944163192951956,5.371396697960608
15.823493493493494,4.338367182162428,3.299737100204752,5.376997264120105
15.843513513513514,4.34382785569728,3.3050574335438236,5.382598277850737
15.863533533533534,4.349288529232455,3.310377319493787,5.388199738971123
15.883553553553554,4.354749202767946,3.3156967582364936,5.3938016472994
15.903573573573574,4.3602098763037525,3.321015749954279,5.399404002653226
15.923593593593594,4.365670549839865,3.326334294829951,5.405006804849779
15.943613613613614,4.371131223376283,3.331652393046798,5.410610053705768
15.963633633633634,4.376591896912998,3.336970044788579,5.416213749037418
15.983653653653654,4.38205257045001,3.3422872502395338,5.421817890660486
16.003673673673674,4.387513243987312,3.347604009584372,5.427422478390253
16.023693693693694,4.392973917524897,3.352920323008269,5.433027512041526
16.043713713713714,4.398434591062765,3.3582361906968825,5.438632991428648
16.063733733733734,4.4038952646009095,3.363551612836333,5.444238916365486
16.083753753753754,4.409355938139324,3.3688665896132086,5.44984528666544
16.103773773773774,4.414816611678007,3.37418112121457,5.455452102141444
16.123793793793794,4.420277285216952,3.379495207827939,5.4610593626059645
16.143813813813814,4.425737958756154,3.3848088496413067,5.466667067871002
16.163833833833834,4.431198632295612,3.390122046843127,5.472275217748097
16.183853853853854,4.436659305835315,3.395434799622312,5.477883812048318
16.203873873873874,4.442119979375265,3.4007471081682468,5.483492850582284
16.223893893893894,4.447580652915452,3.4060589726707624,5.489102333160141
16.243913913913914,4.453041326455877,3.4113703933201656,5.494712259591589
16.263933933933934,4.45850199999653,3.4166813703072063,5.500322629685854
16.283953953953954,4.4639626735374085,3.421991903823101,5.505933443251716
16.303973973973974,4.469423347078509,3.427301994059521,5.511544700097497
16.323993993993994,4.474884020619826,3.4326116412085907,5.517156400031062
16.344014014014014,4.480344694161356,3.4379208454628896,5.522768542859822
16.364034034034034,4.485805367703091,3.4432296070154473,5.528381128390735
16.384054054054054,4.491266041245031,3.44853792605975,5.533994156430312
16.404074074074074,4.496726714787167,3.4538458027897283,5.539607626784606
16.424094094094094,4.5021873883294985,3.4591532373997684,5.545221539259229
16.444114114114114,4.507648061872017,3.464460230084698,5.550835893659337
16.464134134134135,4.513108735414721,3.4697667810397967,5.556450689789646
16.484154154154155,4.518569408957605,3.4750728904607886,5.562065927454421
16.504174174174175,4.524030082500665,3.480378558543842,5.567681606457487
16.524194194194195,4.529490756043894,3.4856837854855662,5.573297726602222
16.544214214214215,4.534951429587289,3.4909885714830167,5.5789142876915605
16.564234234234235,4.540412103130846,3.4962929167336894,5.584531289528003
16.584254254254255,4.545872776674559,3.501596821435517,5.5901487319136
16.604274274274275,4.551333450218425,3.506900285786877,5.595766614649973
16.624294294294295,4.556794123762439,3.51220330998658,5.601384937538299
16.644314314314315,4.562254797306596,3.5175058942338717,5.6070037003793205
16.664334334334335,4.567715470850892,3.5228080387284377,5.612622902973347
16.684354354354355,4.573176144395321,3.5281097436703925,5.618242545120249
16.704374374374375,4.578636817939877,3.5334110092602877,5.6238626266194665
16.724394394394395,4.5840974914845605,3.5387118356991083,5.629483147270013
16.744414414414415,4.589558165029364,3.5440122231882647,5.635104106870463
16.764434434434435,4.595018838574282,3.549312171929599,5.640725505218964
16.784454454454455,4.6004795121193105,3.5546116821253824,5.646347342113239
16.804474474474475,4.605940185664446,3.559910753978312,5.65196961735058
16.824494494494495,4.611400859209684,3.5652093876915125,5.657592330727855
16.844514514514515,4.616861532755017,3.57050758346853,5.663215482041505
16.864534534534535,4.622322206300445,3.5758053415133393,5.66883907108755
16.884554554554555,4.627782879845959,3.5811026620303306,5.674463097661587
16.904574574574575,4.633243553391557,3.5863995452243227,5.680087561558791
16.924594594594595,4.638704226937232,3.5916959913005484,5.685712462573916
16.944614614614615,4.644164900482984,3.5969920004646654,5.691337800501303
16.964634634634635,4.6496255740288035,3.602287572922741,5.696963575134866
16.984654654654655,4.6550862475746895,3.6075827088812673,5.702589786268112
17.004674674674675,4.660546921120635,3.6128774085471456,5.708216433694124
17.024694694694695,4.666007594666636,3.6181716721276933,5.7138435172055795
17.044714714714715,4.671468268212688,3.6234654998306413,5.719471036594734
17.064734734734735,4.676928941758787,3.6287588918641323,5.725098991653441
17.084754754754755,4.682389615304928,3.6340518484367186,5.730727382173137
17.104774774774775,4.687850288851107,3.639344369757363,5.7363562079448505
17.124794794794795,4.693310962397318,3.6446364560354327,5.741985468759203
17.144814814814815,4.698771635943557,3.649928107480707,5.747615164406407
17.164834834834835,4.70423230948982,3.6552193243033675,5.753245294676272
17.184854854854855,4.709692983036102,3.6605101067140016,5.758875859358202
17.204874874874875,4.715153656582397,3.665800454923599,5.764506858241195
17.224894894894895,4.720614330128703,3.671090369143553,5.770138291113854
17.244914914914915,4.726075003675014,3.6763798495856568,5.775770157764371
17.264934934934935,4.731535677221326,3.681668896462104,5.7814024579805485
17.284954954954955,4.736996350767635,3.6869575099854863,5.7870351915497835
17.304974974974975,4.742457024313935,3.692245690368792,5.7926683582590774
17.324994994994995,4.7479176978602204,3.6975334378254052,5.798301957895036
17.345015015015015,4.7533783714064874,3.7028207525691057,5.803935990243869
17.365035035035035,4.758839044952735,3.708107634814071,5.809570455091398
17.385055055055055,4.764299718498953,3.7133940847748623,5.815205352223044
17.405075075075075,4.769760392045141,3.7186801026664402,5.820840681423842
17.425095095095095,4.775221065591292,3.72396568870415,5.826476442478434
17.445115115115115,4.780681739137402,3.7292508431037295,5.832112635171075
17.465135135135135,4.786142412683468,3.734535566081302,5.8377492592856335
17.485155155155155,4.791603086229483,3.7398198578533783,5.843386314605588
17.505175175175175,4.797063759775444,3.7451037186368534,5.8490238009140345
17.525195195195195,4.802524433321346,3.7503871486490072,5.854661717993684
17.545215215215215,4.807985106867184,3.7556701481075025,5.860300065626865
17.565235235235235,4.8134457804129545,3.760952717230383,5.865938843595526
17.585255255255255,4.818906453958652,3.7662348562360735,5.871578051681231
17.605275275275275,4.824367127504281,3.771516565343386,5.877217689665176
17.625295295295295,4.829827801049835,3.7767978447715,5.88285775732817
17.645315315315315,4.8352884745953215,3.782078694739986,5.888498254450657
17.665335335335335,4.840749148140732,3.7873591154687736,5.894139180812691
17.685355355355355,4.846209821686072,3.792639107178181,5.899780536193964
17.705375375375375,4.851670495231338,3.7979186700888907,5.905422320373786
17.725395395395395,4.857131168776534,3.803197804421964,5.911064533131103
17.745415415415415,4.862591842321654,3.808476510398824,5.916707174244484
17.765435435435435,4.868052515866702,3.8137547882412703,5.922350243492133
17.785455455455455,4.873513189411676,3.819032638171469,5.927993740651882
17.805475475475475,4.878973862956574,3.82431006041195,5.933637665501198
17.825495495495495,4.8844345365014,3.8295870551856166,5.939282017817185
17.845515515515515,4.8898952100461495,3.8348636227157256,5.944926797376573
17.865535535535535,4.895355883590826,3.840139763225909,5.950572003955743
17.885555555555555,4.900816557135426,3.8454154769401505,5.956217637330701
17.905575575575575,4.906277230679953,3.8506907640828043,5.961863697277101
17.925595595595595,4.911737904224402,3.855965624878573,5.96751018357023
17.945615615615615,4.917198577768775,3.8612400595525287,5.973157095985021
17.965635635635635,4.922659251313071,3.8665140683300927,5.97880443429605
17.985655655655655,4.928119924857293,3.8717876514370486,5.984452198277537
18.005675675675676,4.933580598401437,3.8770608090995307,5.990100387703343
18.025695695695696,4.939041271945503,3.882333541544025,5.995749002346981
18.045715715715716,4.944501945489494,3.887605848997377,6.00139804198161
18.065735735735736,4.949962619033405,3.8928777316867755,6.007047506380035
18.085755755755756,4.9554232925772395,3.8981491898397644,6.0126973953147145
18.105775775775776,4.9608839661209965,3.9034202236842344,6.018347708557759
18.125795795795796,4.966344639664673,3.9086908334484205,6.023998445880925
18.145815815815816,4.97180531320827,3.913961019360909,6.029649607055631
18.165835835835836,4.9772659867517905,3.919230781650632,6.035301191852949
18.185855855855856,4.982726660295231,3.924500120546859,6.040953200043604
18.205875875875876,4.988187333838592,3.9297690362792066,6.046605631397978
18.225895895895896,4.993648007381873,3.9350375290776305,6.0522584856861155
18.245915915915916,4.999108680925074,3.9403055991724285,6.05791176267772
18.265935935935936,5.004569354468195,3.945573246794237,6.0635654621421535
18.285955955955956,5.010030028011236,3.9508404721740282,6.069219583848445
18.305975975975976,5.015490701554195,3.95610727554311,6.0748741275652804
18.325995995995996,5.020951375097074,3.9613736571331293,6.080529093061018
18.346016016016016,5.0264120486398705,3.9666396171760643,6.086184480103677
18.366036036036036,5.031872722182585,3.971905155904225,6.091840288460944
18.386056056056056,5.037333395725218,3.977170273550256,6.097496517900181
18.406076076076076,5.042794069267769,3.982434970347129,6.10315316818841
18.426096096096096,5.0482547428102365,3.9876992465281447,6.108810239092328
18.446116116116116,5.053715416352622,3.992963102326936,6.114467730378308
18.466136136136136,5.059176089894924,3.998226537977456,6.120125641812392
18.486156156156156,5.064636763437144,4.0034895537139885,6.125783973160299
18.506176176176176,5.070097436979279,4.008752149771137,6.131442724187421
18.526196196196196,5.075558110521331,4.0140143263838315,6.13710189465883
18.546216216216216,5.081018784063298,4.019276083787322,6.142761484339275
18.566236236236236,5.086479457605181,4.024537422217176,6.148421492993186
18.586256256256256,5.091940131146978,4.029798341909285,6.15408192038467
18.606276276276276,5.097400804688691,4.035058843099859,6.159742766277524
18.626296296296296,5.10286147823032,4.040318926025419,6.165404030435221
18.646316316316316,5.108322151771861,4.045578590922804,6.171065712620918
18.666336336336336,5.113782825313319,4.050837838029171,6.176727812597466
18.686356356356356,5.119243498854688,4.056096667581984,6.182390330127393
18.706376376376376,5.1247041723959725,4.061355079819023,6.188053264972922
18.726396396396396,5.13016484593717,4.066613074978377,6.193716616895963
18.746416416416416,5.135625519478281,4.071870653298444,6.1993803856581176
18.766436436436436,5.141086193019302,4.0771278150179295,6.205044571020675
18.786456456456456,5.14654686656024,4.082384560375852,6.210709172744629
18.806476476476476,5.152007540101087,4.0876408896115235,6.21637419059065
18.826496496496496,5.157468213641848,4.092896802964573,6.222039624319123
18.846516516516516,5.162928887182519,4.098152300674923,6.227705473690116
18.866536536536536,5.168389560723102,4.103407382982804,6.2333717384634
18.886556556556556,5.173850234263598,4.108662050128748,6.239038418398447
18.906576576576576,5.179310907804003,4.113916302353579,6.244705513254426
18.926596596596596,5.184771581344319,4.119170139898427,6.250373022790211
18.946616616616616,5.1902322548845445,4.124423563004714,6.256040946764375
18.966636636636636,5.195692928424682,4.129676571914163,6.261709284935201
18.986656656656656,5.201153601964727,4.134929166868784,6.267378037060669
19.006676676676676,5.206614275504683,4.14018134811089,6.273047202898477
19.026696696696696,5.212074949044547,4.145433115883076,6.278716782206018
19.046716716716716,5.217535622584322,4.150684470428237,6.2843867747404065
19.066736736736736,5.222996296124005,4.155935411989552,6.290057180258457
19.086756756756756,5.228456969663595,4.161185940810489,6.295727998516702
19.106776776776776,5.233917643203095,4.166436057134806,6.301399229271384
19.126796796796796,5.239378316742501,4.171685761206542,6.30707087227846
19.146816816816816,5.244838990281817,4.17693505327003,6.312742927293605
19.166836836836836,5.250299663821039,4.182183933569874,6.318415394072204
19.186856856856856,5.255760337360168,4.18743240235097,6.324088272369366
19.206876876876876,5.261221010899204,4.192680459858492,6.329761561939916
19.226896896896896,5.266681684438146,4.197928106337894,6.3354352625383985
19.246916916916916,5.272142357976995,4.203175342034907,6.341109373919084
19.266936936936936,5.27760303151575,4.208422167195543,6.346783895835957
19.286956956956956,5.283063705054411,4.213668582066088,6.352458828042733
19.306976976976976,5.288524378592977,4.218914586893102,6.358134170292852
19.326996996996996,5.293985052131447,4.224160181923418,6.363809922339476
19.347017017017016,5.299445725669823,4.229405367404149,6.369486083935498
19.367037037037036,5.304906399208103,4.234650143582669,6.375162654833537
19.387057057057056,5.310367072746288,4.23989451070663,6.380839634785946
19.407077077077076,5.315827746284377,4.245138469023948,6.386517023544806
19.427097097097096,5.32128841982237,4.25038201878281,6.3921948208619295
19.447117117117116,5.326749093360267,4.255625160231667,6.397873026488866
19.467137137137136,5.332209766898067,4.2608678936192375,6.403551640176896
19.487157157157156,5.337670440435767,4.266110219194498,6.409230661677036
19.507177177177176,5.3431311139733735,4.271352137206701,6.414910090740046
19.527197197197196,5.34859178751088,4.2765936479053455,6.420589927116415
19.547217217217217,5.3540524610482905,4.281834751540201,6.42627017055638
19.567237237237237,5.359513134585601,4.287075448361289,6.431950820809913
19.587257257257257,5.364973808122814,4.292315738618897,6.437631877626731
19.607277277277277,5.370434481659928,4.2975556225635625,6.443313340756294
19.627297297297297,5.375895155196945,4.302795100446084,6.448995209947806
19.647317317317317,5.38135582873386,4.308034172517506,6.454677484950214
19.667337337337337,5.386816502270676,4.313272839029135,6.460360165512218
19.687357357357357,5.3922771758073935,4.318511100232525,6.466043251382262
19.707377377377377,5.3977378493440105,4.323748956379482,6.4717267423085385
19.727397397397397,5.403198522880527,4.328986407722062,6.477410638038992
19.747417417417417,5.408659196416942,4.334223454512564,6.4830949383213206
19.767437437437437,5.414119869953258,4.339460097003544,6.488779642902973
19.787457457457457,5.419580543489472,4.344696335447794,6.49446475153115
19.807477477477477,5.425041217025584,4.349932170098356,6.500150263952813
19.827497497497497,5.430501890561595,4.355167601208513,6.5058361799146764
19.847517517517517,5.435962564097503,4.3604026290317925,6.511522499163213
19.867537537537537,5.44142323763331,4.365637253821964,6.517209221444656
19.887557557557557,5.446883911169015,4.370871475833033,6.5228963465049965
19.907577577577577,5.452344584704616,4.376105295319245,6.528583874089987
19.927597597597597,5.457805258240114,4.381338712535083,6.5342718039451455
19.947617617617617,5.463265931775508,4.386571727735266,6.53996013581575
19.967637637637637,5.468726605310801,4.391804341174753,6.545648869446849
19.987657657657657,5.474187278845989,4.3970365531087285,6.551338004583249
20.007677677677677,5.479647952381072,4.402268363792613,6.55702754096953
20.027697697697697,5.48510862591605,4.40749977348206,6.56271747835004
20.047717717717717,5.490569299450923,4.412730782432953,6.568407816468894
20.067737737737737,5.496029972985693,4.417961390901404,6.574098555069982
20.087757757757757,5.501490646520357,4.423191599143751,6.579789693896963
20.107777777777777,5.506951320054915,4.42842140741656,6.58548123269327
20.127797797797797,5.512411993589367,4.433650815976624,6.591173171202111
20.147817817817817,5.517872667123713,4.438879825080958,6.596865509166468
20.167837837837837,5.523333340657955,4.444108434986804,6.602558246329107
20.187857857857857,5.528794014192089,4.449336645951618,6.6082513824325595
20.207877877877877,5.534254687726115,4.454564458233083,6.613944917219147
20.227897897897897,5.5397153612600345,4.459791872089102,6.619638850430967
20.247917917917917,5.5451760347938475,4.465018887777793,6.625333181809902
20.267937937937937,5.55063670832755,4.47024550555749,6.63102791109761
20.287957957957957,5.556097381861147,4.4754717256867504,6.636723038035544
20.307977977977977,5.561558055394634,4.480697548424336,6.6424185623649326
20.327997997997997,5.567018728928015,4.485922974029233,6.648114483826797
20.348018018018017,5.572479402461286,4.49114800276063,6.653810802161942
20.368038038038037,5.577940075994447,4.496372634877932,6.659507517110963
20.388058058058057,5.583400749527499,4.501596870640753,6.665204628414244
20.408078078078077,5.588861423060442,4.5068207103089195,6.670902135811965
20.428098098098097,5.594322096593274,4.5120441541424565,6.676600039044091
20.448118118118117,5.599782770125997,4.517267202401607,6.682298337850387
20.468138138138137,5.60524344365861,4.5224898553468105,6.68799703197041
20.488158158158157,5.610704117191111,4.527712113238713,6.6936961211435095
20.508178178178177,5.616164790723502,4.532933976338166,6.699395605108839
20.528198198198197,5.62162546425578,4.538155444906217,6.705095483605343
20.548218218218217,5.6270861377879475,4.543376519204122,6.710795756371773
20.568238238238237,5.632546811320005,4.548597199493333,6.716496423146676
20.588258258258257,5.638007484851947,4.553817486035495,6.722197483668399
20.608278278278277,5.643468158383779,4.559037379092459,6.7278989376751
20.628298298298297,5.648928831915497,4.564256878926264,6.733600784904731
20.648318318318317,5.654389505447103,4.5694759857991505,6.739303025095055
20.668338338338337,5.659850178978596,4.5746946999735485,6.7450056579836435
20.688358358358357,5.6653108525099745,4.5799130217120805,6.750708683307868
20.708378378378377,5.67077152604124,4.585130951277562,6.756412100804918
20.728398398398397,5.676232199572393,4.5903484889329995,6.7621159102117865
20.748418418418417,5.6816928731034295,4.595565634941582,6.767820111265277
20.768438438438437,5.687153546634355,4.600782389566697,6.773524703702013
20.788458458458457,5.69261422016517,4.605998753071914,6.779229687258427
20.808478478478477,5.698074893695876,4.611214725720986,6.784935061670765
20.828498498498497,5.703535567226473,4.616430307777854,6.790640826675093
20.848518518518517,5.708996240756964,4.62164549950664,6.796346982007288
20.868538538538537,5.714456914287349,4.626860301171649,6.802053527403049
20.888558558558557,5.719917587817632,4.632074713037367,6.807760462597896
20.908578578578577,5.72537826134781,4.637288735368457,6.813467787327164
20.928598598598597,5.730838934877889,4.642502368429765,6.819175501326013
20.948618618618617,5.736299608407869,4.647715612486311,6.824883604329426
20.968638638638637,5.741760281937751,4.652928467803294,6.830592096072207
20.988658658658657,5.747220955467535,4.658140934646083,6.836300976288987
21.008678678678677,5.752681628997225,4.6633530132802266,6.842010244714223
21.028698698698697,5.75814230252682,4.668564703971442,6.847719901082198
21.048718718718717,5.763602976056323,4.673776006985622,6.853429945127025
21.068738738738737,5.7690636495857355,4.678986922588827,6.859140376582644
21.088758758758757,5.774524323115059,4.684197451047288,6.86485119518283
21.108778778778778,5.779984996644293,4.6894075926274015,6.870562400661185
21.128798798798798,5.785445670173442,4.694617347595738,6.8762739927511465
21.148818818818818,5.790906343702505,4.699826716219024,6.881985971185986
21.168838838838838,5.796367017231484,4.70503569876416,6.887698335698808
21.188858858858858,5.801827690760381,4.710244295498205,6.893411086022557
21.208878878878878,5.807288364289196,4.715452506688382,6.89912422189001
21.228898898898898,5.812749037817932,4.720660332602074,6.90483774303379
21.248918918918918,5.818209711346589,4.725867773506828,6.91055164918635
21.268938938938938,5.823670384875172,4.731074829670349,6.916265940079994
21.288958958958958,5.829131058403677,4.7362815013604935,6.92198061544686
21.308978978978978,5.834591731932109,4.741487788845284,6.927695675018934
21.328998998998998,5.840052405460469,4.7466936923928955,6.933411118528042
21.349019019019018,5.845513078988757,4.751899212271654,6.93912694570586
21.369039039039038,5.8509737525169765,4.757104348750046,6.944843156283907
21.389059059059058,5.856434426045126,4.762309102096703,6.95055974999355
21.409079079079078,5.8618950995732115,4.767513472580415,6.956276726566008
21.429099099099098,5.86735577310123,4.772717460470116,6.961994085732344
21.449119119119118,5.8728164466291854,4.777921066034893,6.967711827223478
21.469139139139138,5.878277120157078,4.783124289543979,6.973429950770177
21.489159159159158,5.883737793684908,4.788327131266753,6.979148456103063
21.509179179179178,5.88919846721268,4.793529591472744,6.984867342952615
21.529199199199198,5.8946591407403925,4.798731670431621,6.990586611049164
21.549219219219218,5.900119814268049,4.803933368413199,6.996306260122898
21.569239239239238,5.90558048779565,4.809134685687435,7.002026289903864
21.589259259259258,5.911041161323196,4.814335622524426,7.007746700121966
21.609279279279278,5.91650183485069,4.819536179194412,7.013467490506969
21.629299299299298,5.921962508378134,4.824736355967769,7.019188660788499
21.649319319319318,5.927423181905527,4.8299361531150105,7.024910210696044
21.669339339339338,5.9328838554328724,4.835135570906792,7.030632139958953
21.689359359359358,5.938344528960171,4.840334609613901,7.03635444830644
21.709379379379378,5.9438052024874235,4.845533269507258,7.042077135467589
21.729399399399398,5.949265876014632,4.850731550857921,7.047800201171343
21.749419419419418,5.954726549541799,4.855929453937079,7.053523645146519
21.769439439439438,5.960187223068923,4.861126979016049,7.059247467121796
21.789459459459458,5.965647896596009,4.866324126366287,7.0649716668257305
21.809479479479478,5.971108570123054,4.8715208962593675,7.07069624398674
21.829499499499498,5.976569243650065,4.8767172889670025,7.0764211983331275
21.849519519519518,5.982029917177039,4.881913304761024,7.082146529593054
21.869539539539538,5.987490590703979,4.887108943913395,7.0878722374945635
21.889559559559558,5.9929512642308875,4.892304206696201,7.093598321765574
21.909579579579578,5.998411937757763,4.89749909338165,7.099324782133876
21.929599599599598,6.00387261128461,4.902693604242076,7.105051618327144
21.949619619619618,6.009333284811428,4.907887739549932,7.110778830072923
21.969639639639638,6.014793958338219,4.913081499577794,7.116506417098643
21.989659659659658,6.020254631864984,4.918274884598355,7.122234379131613
22.009679679679678,6.025715305391725,4.923467894884428,7.127962715899022
22.029699699699698,6.031175978918444,4.928660530708943,7.133691427127945
22.049719719719718,6.036636652445141,4.933852792344946,7.139420512545336
22.069739739739738,6.0420973259718185,4.939044680065599,7.145149971878038
22.089759759759758,6.047557999498477,4.944236194144177,7.150879804852777
22.109779779779778,6.053018673025119,4.949427334854069,7.156610011196169
22.129799799799798,6.058479346551746,4.9546181024687765,7.162340590634715
22.149819819819818,6.063940020078357,4.959808497261909,7.168071542894806
22.169839839839838,6.069400693604956,4.964998519507191,7.173802867702721
22.189859859859858,6.074861367131544,4.970188169478451,7.179534564784637
22.209879879879878,6.080322040658123,4.975377447449629,7.1852666338666165
22.2298998998999,6.085782714184692,4.980566353694767,7.190999074674616
22.24991991991992,6.091243387711254,4.985754888488019,7.196731886934488
22.26993993993994,6.09670406123781,4.990943052103639,7.202465070371981
22.28995995995996,6.102164734764363,4.996130844815987,7.20819862471274
22.30997997997998,6.107625408290913,5.001318266899523,7.213932549682302
22.33,6.11308608181746,5.00650531862881,7.2196668450061106
