rt_source,rt_target_predicted,ci_lower,ci_upper
2.41,2.483099583745828,2.0125651436484406,2.953634023843215
2.4326026026026026,2.492821487952872,2.022846544920144,2.9627964309856
2.455205205205205,2.5024560784898844,2.0329970460610385,2.9719151109187303
2.477807807807808,2.511916041686832,2.0429290910820215,2.9809029922916426
2.5004104104104106,2.5211140638736858,2.0525552052110836,2.989672922536288
2.523013013013013,2.529962831380411,2.061787995216825,2.998137667543997
2.5456156156156156,2.5383750305369768,2.0705401341266283,3.0062099269473253
2.5682182182182185,2.5462633476733525,2.078724352540888,3.013802342805817
2.590820820820821,2.553540469119504,2.0862534845632026,3.0208274536758055
2.6134234234234235,2.560120503205253,2.0930419115276675,3.0271990948828384
2.636026026026026,2.565973745987727,2.0990603594707897,3.0328871325046647
2.658628628628629,2.5711440127452065,2.1043532302774395,3.0379347952129736
2.6812312312312314,2.575680085783852,2.108970048732495,3.0423901228352093
2.703833833833834,2.5796307474098232,2.1129605051044704,3.046300989715176
2.7264364364364364,2.5830447799292804,2.116374458709546,3.049715101149015
2.7490390390390393,2.58597096564838,2.1192619374455797,3.0526799938511804
2.771641641641642,2.5884580868732856,2.121673132290803,3.055243041455768
2.7942442442442443,2.590554925910152,2.123658390639208,3.0574514611810963
2.816846846846847,2.5923102650651435,2.1252682089723676,3.0593523211579194
2.8394494494494493,2.5937728866444165,2.1265532248981853,3.0609925483906477
2.8620520520520523,2.5949915729541306,2.1275642085886615,3.0624189373196
2.8846546546546548,2.596015106300448,2.128352053649544,3.063678158951352
2.9072572572572573,2.596892268989525,2.1289677674550322,3.0648167705240175
2.92985985985986,2.597671843327523,2.129462460980439,3.065881225674607
2.9524624624624627,2.5984026116206,2.129887338164756,3.0669178850764443
2.975065065065065,2.5991333561749173,2.130293684833683,3.0679730275161514
2.9976676676676677,2.5999128592966323,2.1307328572116986,3.069092861381566
3.02027027027027,2.600789903291907,2.131256270049363,3.070323536534451
3.0428728728728727,2.601813270466899,2.13191538438905,3.071711156544748
3.0654754754754756,2.6030317431277683,2.132761694989247,3.0733017912662897
3.088078078078078,2.6044941035806737,2.133846717423711,3.0751414897376366
3.1106806806806806,2.6062491341317773,2.1352219748681374,3.077276293395417
3.1332832832832835,2.608344375662525,2.136937734464169,3.0797510168608806
3.155885885885886,2.6107888624306774,2.139005594283555,3.0825721305778
3.1784884884884885,2.6135466153754505,2.141391881512861,3.08570134923804
3.201091091091091,2.616579102720336,2.144060101032799,3.089098104407873
3.2236936936936935,2.619847792688827,2.1469734817604245,3.0927221036172297
3.2462962962962965,2.623314153504412,2.1500949737034656,3.0965333333053584
3.268898898898899,2.626939653390582,2.1533873873540426,3.100491919427122
3.2915015015015014,2.6306857605708283,2.1568134039567846,3.104558117184872
3.3141041041041044,2.6345139432686406,2.1603355790372882,3.108692307499993
3.336706706706707,2.638385669707512,2.163916345861333,3.1128549935536913
3.3593093093093094,2.6422624081109314,2.1675180188171996,3.117006797404663
3.381911911911912,2.6461056267023895,2.171102796715143,3.121108456689636
3.4045145145145144,2.649876793705377,2.174632765999202,3.1251208214115516
3.427117117117117,2.653537377343385,2.178069903867888,3.129004850818882
3.44971971971972,2.6570488458399053,2.1813760813013796,3.132721610378431
3.4723223223223223,2.660379683673305,2.184520082248695,3.136239285097915
3.494924924924925,2.663527504149897,2.187499719037694,3.1395552892621
3.5175275275275277,2.6664974787389997,2.190320264451999,3.1426746930260006
3.5401301301301302,2.66929477892382,2.1929868962297396,3.1456026616179003
3.5627327327327327,2.671924576187564,2.1955046996051566,3.1483444527699715
3.585335335335335,2.6743920420134377,2.19787866884204,3.1509054151848352
3.6079379379379377,2.6767023478846497,2.2001135813196253,3.153291114449674
3.63054054054054,2.678860665284403,2.20221387442905,3.155507456139756
3.653143143143143,2.680872165695907,2.204183887323899,3.1575604440679155
3.6757457457457456,2.6827420206023675,2.206027900628918,3.1594561405758173
3.6983483483483486,2.6844754014869916,2.2077501441172767,3.1612006588567065
3.720950950950951,2.6860774798329827,2.20935480411897,3.1628001555469956
3.7435535535535536,2.687553427123551,2.2108460306687028,3.1642608235783993
3.766156156156156,2.688908414841901,2.212227944400557,3.165588885283245
3.7887587587587586,2.6901476144712393,2.213504643196023,3.1667905857464556
3.811361361361361,2.6912761974947745,2.214680208590811,3.1678721863987382
3.833963963963964,2.6922993353957105,2.215758711945082,3.168839958846339
3.8565665665665665,2.693222199657254,2.2167442203807526,3.169700178933755
3.879169169169169,2.694049961762611,2.217640802488609,3.170459121036613
3.901771771771772,2.6947877931949917,2.21845253380719,3.1711230525827934
3.9243743743743744,2.6954408654376,2.2191835020744306,3.171698228800769
3.946976976976977,2.6960143499736415,2.2198378122524964,3.1721908876947866
3.9695795795795794,2.6965134182863233,2.2204195913253026,3.172607245247344
3.992182182182182,2.696943241858854,2.220932992867725,3.172953490849983
4.014784784784784,2.6973089921744355,2.2213822013848312,3.17323578296404
4.037387387387387,2.6976158407162782,2.22177143641902,3.1734602450135365
4.05998998998999,2.6978689589675895,2.2221049564223967,3.1736329615127823
4.082592592592593,2.6980735184115705,2.2223870623915025,3.1737599744316385
4.105195195195195,2.698234690531435,2.2226221012611003,3.1738472798017696
4.127797797797798,2.6983576468103827,2.222814469053523,3.173900824567242
4.1504004004004,2.6984475587316257,2.222968613780063,3.1739265036831883
4.173003003003003,2.6985095977783655,2.223089038090641,3.17393015746609
4.195605605605605,2.69854893543381,2.2231803016681955,3.17393015746609
4.218208208208209,2.6985707431811683,2.2232470233641823,3.17393015746609
4.24081081081081,2.6985801925036452,2.2232938830717623,3.17393015746609
4.263413413413414,2.6985824548844466,2.223325623333544,3.17393015746609
4.286016016016016,2.698582701806781,2.2233470506809017,3.17393015746609
4.308618618618619,2.6985861047538515,2.2233630367022963,3.17393015746609
4.331221221221221,2.6985978352088678,2.2233785188383814,3.17393015746609
4.353823823823824,2.698623064655034,2.223398500902042,3.17393015746609
4.376426426426426,2.69866696457556,2.2234280533220128,3.17393015746609
4.399029029029029,2.698734706453648,2.2234723131091156,3.1739970997981803
4.421631631631632,2.698831461772507,2.223536483544693,3.1741264400003213
4.444234234234234,2.698962402015343,2.2236258335912042,3.174298970439482
4.466836836836837,2.6991326986653634,2.223745697025511,3.1745197003052157
4.4894394394394395,2.699347523205772,2.223901471295779,3.174793575115765
4.512042042042042,2.699612047119779,2.2240986161033773,3.1751254781361804
4.5346446446446445,2.699931441890588,2.2243426517115648,3.175520232069611
4.557247247247247,2.700310879001407,2.2246391569831334,3.175982601019681
4.579849849849849,2.7007555299354413,2.2249937671495013,3.1765172927213814
4.602452452452452,2.7012705661758982,2.2254121713140242,3.177128961037772
4.625055055055055,2.701861159205985,2.2259001096925357,3.177822208719434
4.647657657657657,2.7025324805089066,2.226463370594272,3.178601590423541
4.67026026026026,2.7032897015678694,2.2271077871464575,3.1794716159892813
4.692862862862863,2.7041379938660817,2.2278392337658683,3.180436753966295
4.715465465465465,2.705082528886749,2.2286636223805996,3.1815014353928985
4.738068068068068,2.706128478113078,2.2295868984052567,3.1826700578208995
4.76067067067067,2.7072810130282745,2.23061503647179,3.183946989584759
4.783273273273274,2.708545305115544,2.231754004195233,3.185336606035855
4.805875875875875,2.709926525858096,2.2330096675205877,3.1868433841956043
4.828478478478479,2.7114298467391365,2.234387867262851,3.1884718262154217
4.85108108108108,2.7130604392418687,2.2358944415778876,3.1902264369058497
4.873683683683684,2.7148234748495024,2.2375352230991146,3.19211172659989
4.896286286286286,2.7167241250452427,2.2393160359807256,3.19413221410976
4.918888888888889,2.718767561312297,2.241242692847106,3.1962924297774875
4.941491491491491,2.7209589551338706,2.2433209916478214,3.19859691861992
4.964094094094094,2.72330347799317,2.2455567124173603,3.2010502435689796
4.986696696696697,2.7258063013734035,2.2479556139385983,3.2036569888082087
5.009299299299299,2.7284725967577756,2.250523430308635,3.206421763206916
5.031901901901902,2.731307535629494,2.2532658673785315,3.209349203880456
5.054504504504504,2.7343162894717636,2.2561885408831945,3.2124440380603327
5.077107107107107,2.737504029767794,2.259296845668461,3.215711213867127
5.0997097097097095,2.740875916104704,2.262596082268518,3.21915574994089
5.122312312312312,2.7444353918329614,2.2660897870643884,3.2227809966015344
5.1449149149149145,2.7481824067667335,2.2697779550892903,3.226586858444177
5.167517517517517,2.75211648601215,2.273660108936377,3.2305728630879234
5.19012012012012,2.7562371546753437,2.2777357235205633,3.234738585830124
5.212722722722722,2.760543937862446,2.2820042261066806,3.2390836496182116
5.235325325325325,2.7650363606795874,2.2864649963122172,3.2436077250469575
5.257927927927928,2.7697139482328983,2.291117366085004,3.2483105303807926
5.28053053053053,2.7745762256285103,2.2959606196563427,3.253191831600678
5.303133133133133,2.7796227179725563,2.3009939934702626,3.25825144247485
5.325735735735735,2.784852950371167,2.3062166752609525,3.2634892254813814
5.348338338338338,2.7902664479304717,2.311627708570752,3.2689051872901915
5.37094094094094,2.795862735756605,2.3172259072368937,3.2744995642763164
5.393543543543544,2.801641338955695,2.3230100251081147,3.2802726528032755
5.416146146146145,2.8076017826338746,2.3289787812176663,3.286224784050083
5.438748748748749,2.8137435918972753,2.3351308637348893,3.2923563200596613
5.461351351351351,2.8200662918520263,2.3414649338361575,3.298667649867895
5.483953953953954,2.8265694076042616,2.3479796294973996,3.3051591857111235
5.506556556556556,2.8332524642601102,2.354673569209955,3.3118313593102653
5.529159159159159,2.8401149869257045,2.3615453556213124,3.3186846182300966
5.551761761761762,2.847156500707176,2.368593579101791,3.3257194223125612
5.574364364364364,2.854376530710656,2.375816821237951,3.3329362401833613
5.596966966966967,2.861774602042276,2.3832136582531183,3.340335545831434
5.619569569569569,2.869350239808165,2.3907826643550387,3.3479178152612916
5.642172172172172,2.8771029691144574,2.398522415010346,3.355683523218569
5.6647747747747745,2.8850323150672814,2.406431490145158,3.363633139989405
5.687377377377377,2.8931378027727703,2.414508477270792,3.371767128274749
5.7099799799799795,2.901418957337056,2.4227519745332655,3.3800859401408463
5.732582582582582,2.9098753038662677,2.431160593684933,3.3885900140476024
5.755185185185185,2.918506367466537,2.4397329629763607,3.3972797719567134
5.777787787787787,2.9273116732439957,2.448467729966263,3.4061556165217284
5.80039039039039,2.936290746304776,2.4573635642470677,3.415217928362484
5.822992992992992,2.945443111755007,2.4664191600835217,3.4244670634264924
5.845595595595595,2.9547682947008234,2.475633238961569,3.4339033504400778
5.868198198198198,2.9642658202483543,2.485004552044521,3.4435270884521874
5.8908008008008,2.9739352135037276,2.494531882533556,3.4533385444738993
5.913403403403403,2.9837759995730804,2.5042140479294126,3.463337951216748
5.936006006006005,2.993787703562541,2.5140499021921086,3.473525504932973
5.958608608608609,3.003969850578242,2.524038337795607,3.4839013633608773
5.98121121121121,3.0143219657263147,2.534178287674285,3.4944656437783443
6.003813813813814,3.0248435741128867,2.5444687270581783,3.505218421167595
6.026416416416416,3.035534200844093,2.5549086751941115,3.5161597264940747
6.049019019019019,3.0463933710260656,2.565497196949896,3.527289545102235
6.071621621621621,3.0574206097649324,2.576233404299015,3.5386078152308498
6.094224224224224,3.0686154421668266,2.5871164576834333,3.55011442665022
6.116826826826826,3.0799773933378796,2.5981455672523444,3.5618092194234148
6.139429429429429,3.0915059883842213,2.609319993974983,3.5736919827934597
6.162032032032032,3.103200752411984,2.6206390506259485,3.5857624541980195
6.184634634634634,3.1150612105273003,2.632102102641724,3.5980203184128765
6.207237237237237,3.1270868878362994,2.6437085688474777,3.610465206825121
6.22983983983984,3.139277309445113,2.655457922053569,3.623096696836657
6.252442442442442,3.1516320004598715,2.66734968952151,3.635914311398233
6.275045045045045,3.1641504859867093,2.6793834532995495,3.648917518673869
6.297647647647647,3.1768322911317544,2.69155885042838,3.662105731835129
6.3202502502502504,3.18967694100114,2.703875573017905,3.675478308984375
6.342852852852852,3.2026839607009947,2.7163333681962802,3.689034553205709
6.365455455455455,3.2158528753374527,2.7289320379329256,3.7027737127419798
6.388058058058057,3.2291832100166453,2.7416714387374492,3.7166949812958414
6.41066066066066,3.242674489844703,2.7545514812368546,3.7307974984525516
6.433263263263263,3.256326239927755,2.767572129633672,3.745080350221838
6.455865865865865,3.2701379853719352,2.780733401047998,3.7595425696958724
6.478468468468468,3.2841092512833754,2.7940353647466476,3.774183137820103
6.50107107107107,3.298239562768204,2.807478141262977,3.7890009842734313
6.523673673673673,3.3125284449325525,2.8210619014110696,3.8039949884540354
6.546276276276275,3.326975422882556,2.834786865198233,3.8191639805668793
6.568878878878879,3.3415800217243405,2.8486533006398735,3.8345067428088075
6.591481481481481,3.356341766564042,2.8626615224810505,3.8500220106470335
6.614084084084084,3.371260182507787,2.8768118908289564,3.8657084741866177
6.636686686686686,3.386334794661713,2.8911048097008276,3.8815647796225985
6.659289289289289,3.4015651281319466,2.9055407254916203,3.8975895307722728
6.681891891891891,3.416950708024619,2.920120125366006,3.913781290683232
6.704494494494494,3.432491059445862,2.934843535579025,3.9301385833126994
6.727097097097096,3.448185707501809,2.949711519729782,3.9466598952738363
6.749699699699699,3.4640341772985885,2.964724676952433,3.963343677644744
6.772302302302302,3.4800359939423378,2.979883640048623,3.9801883478360525
6.794904904904905,3.496190682539179,2.99518907356532,3.997192291513038
6.817507507507507,3.5124977681952463,3.0106416718219084,4.014353864568585
6.84011011011011,3.5289567760166745,3.0262421568900892,4.03167139514326
6.862712712712712,3.5455672311095934,3.04199118104677,4.049143281172417
6.885315315315315,3.5623286585801313,3.057889028444527,4.0667682887157355
6.907917917917917,3.579240583534426,3.0739358712563085,4.084545295812544
6.93052052052052,3.5963025310786003,3.0901318589866626,4.102473203170538
6.953123123123123,3.6135140263187933,3.1064771189260956,4.120550933711491
6.9757257257257255,3.6308745943611296,3.1229717566068986,4.1387774321153605
6.998328328328328,3.6483837603117464,3.1396158562596135,4.157151664363879
7.0209309309309305,3.666041049276768,3.1564094812691446,4.175672617284391
7.043533533533533,3.683845986362332,3.1733526746298613,4.194339298094802
7.0661361361361354,3.701798096674568,3.190445459398821,4.213150733950315
7.088738738738738,3.719896905319606,3.2076878391465797,4.232105971492632
7.11134134134134,3.7381419374035776,3.2250797984049036,4.251204076402252
7.133943943943943,3.756532718032616,3.242621303110873,4.270444132954359
7.156546546546546,3.7750687723128498,3.2603123010468833,4.289825243578816
7.179149149149149,3.793749625350412,3.2781527222761087,4.309346528424715
7.201751751751751,3.8125748022514303,3.2961424795730134,4.329007124929848
7.224354354354354,3.831543828122042,3.3142814688486304,4.3488061873954535
7.246956956956956,3.8506562280683747,3.3325695695701776,4.368742886566572
7.269559559559559,3.8699115271965616,3.3510066451749076,4.388816409218216
7.292162162162161,3.8893092506127305,3.3695925434778187,4.409025957747643
7.314764764764764,3.908848923423015,3.3883270970731223,4.429370749772907
7.337367367367367,3.9285300707335464,3.40721012372926,4.449850017737833
7.35996996996997,3.948352217650453,3.4262414267773313,4.470463008523575
7.382572572572572,3.968314889279875,3.445420795492869,4.491208983066881
7.405175175175175,3.9884176107279306,3.464748005470807,4.512087215985054
7.427777777777777,4.0086599071007605,3.4842228189936484,4.533096995207872
7.45038038038038,4.029041303504494,3.503844985392738,4.55423762161625
7.472982982982982,4.049561325045264,3.5236142414026497,4.575508408687879
7.495585585585585,4.070219496829196,3.543530311508664,4.596908682149729
7.518188188188187,4.091015343962424,3.563592908287373,4.618437779637476
7.5407907907907905,4.111948391551084,3.583801732740398,4.6400950503617695
7.563393393393393,4.133018164701298,3.604156474621286,4.66187985478131
7.5859959959959955,4.154224188519205,3.624656812755648,4.683791564282762
7.608598598598598,4.175565988110935,3.6453024153545304,4.70582956086734
7.6312012012012005,4.197043088582617,3.6660929403211813,4.727993236844052
7.653803803803803,4.2186550150403805,3.687028035551225,4.750281994529536
7.6764064064064055,4.240401292590361,3.708107339226345,4.772695245954377
7.699009009009008,4.262281446338691,3.729330480101574,4.795232412575808
7.721611611611611,4.284295001391497,3.750697077786268,4.817892924996726
7.744214214214214,4.306441482854913,3.7722067430189203,4.840676222690905
7.766816816816816,4.328720415835068,3.793859077935816,4.863581753734321
7.789419419419419,4.351131325438097,3.8156536763337687,4.886608974542426
7.812022022022021,4.3736737367701295,3.83759012392692,4.909757349613339
7.834624624624624,4.3963471749372935,3.8596679985978466,4.933026351276741
7.857227227227226,4.419151165045726,3.8818868706429526,4.9564154594484995
7.879829829829829,4.442085232201549,3.9042463030123695,4.979924161390729
7.902432432432431,4.465148901510908,3.9267458515444886,5.003551951477327
7.925035035035035,4.488341698079924,3.949385065195107,5.02729833096474
7.947637637637637,4.51166314701473,3.9721634862614863,5.051162807767973
7.97024024024024,4.535112773421458,3.9950806506013272,5.075144896241589
7.992842842842842,4.5586901024062385,4.01813608784681,5.099244116965667
8.015445445445444,4.582394659075207,4.04132932161384,5.123459996536574
8.038048048048047,4.606225968534488,4.064659869706552,5.147792067362425
8.06065065065065,4.630183555890215,4.088127244317281,5.17223986746315
8.083253253253252,4.654266946248525,4.111730952222042,5.196802940275007
8.105855855855856,4.678475664715541,4.135470494971643,5.221480834459439
8.128458458458457,4.702809236397396,4.159345369078585,5.246273103716208
8.15106106106106,4.727267186400227,4.183355066199813,5.271179306600641
8.173663663663664,4.751849039830155,4.2074990733154225,5.296199006344888
8.196266266266266,4.776554321793325,4.231776872903505,5.321331770683146
8.218868868868867,4.801382557395858,4.256187943111085,5.3465771716806305
8.24147147147147,4.826333271743888,4.280731757921457,5.371934785566318
8.264074074074074,4.851405989943548,4.305407787317808,5.397404192569288
8.286676676676676,4.876600237100964,4.330215497443381,5.4229849767585465
8.309279279279279,4.901915538322274,4.355154350758214,5.448676725886333
8.33188188188188,4.927351418713603,4.380223806192513,5.474479031234694
8.354484484484484,4.952907403381088,4.405423319296837,5.50039148746534
8.377087087087087,4.978583017430862,4.430752342389098,5.526413692472625
8.399689689689689,5.004377785969045,4.456210324698497,5.5525452472395935
8.42229229229229,5.030291234101773,4.481796712506509,5.578785755697036
8.444894894894894,5.056322886935189,4.507510949284961,5.605134824585417
8.467497497497497,5.082472269575405,4.533352475831208,5.6315920633196015
8.4901001001001,5.10873890712857,4.559320730400728,5.658157083856413
8.512702702702702,5.135122324700798,4.585415148836852,5.684829500564743
8.535305305305304,5.161622047398235,4.6116351646980736,5.7116089300983965
8.557907907907907,5.188237600327009,4.63798020938268,5.738494991271339
8.58051051051051,5.214968508593246,4.664449712251004,5.765487304935487
8.603113113113112,5.24181429730308,4.691043100745261,5.792585493860899
8.625715715715714,5.268774491562644,4.717759800507022,5.819789182618267
8.648318318318317,5.295848616478068,4.744599235492436,5.8470979974637
8.67092092092092,5.32303619715548,4.771560828085202,5.874511566225757
8.693523523523524,5.350336758701023,4.7986439992074255,5.902029518194621
8.716126126126126,5.377749826220811,4.8258481684282755,5.929651484013347
8.738728728728727,5.405274924820985,4.853172754070685,5.957377095571284
8.76133133133133,5.4329115796076755,4.88061717331597,5.985205985899381
8.783933933933934,5.4606593156870185,4.90818084230649,6.013137789067547
8.806536536536536,5.488517658165133,4.935863176246397,6.0411721400838685
8.829139139139137,5.5164861321481595,4.963663589500546,6.069308674795773
8.85174174174174,5.5445642627422265,4.991581495691475,6.097547029792978
8.874344344344344,5.57275157505347,5.019616307794689,6.125886842312251
8.896946946946947,5.601047594188015,5.047767438232115,6.154327750143914
8.919549549549549,5.629451845251996,5.076034298963863,6.1828693915401285
8.94215215215215,5.657963853351541,5.104416301578286,6.211511405124796
8.964754754754754,5.686583143592787,5.1329128573803935,6.240253429805181
8.987357357357357,5.715309241081858,5.161523377478602,6.269095104685114
9.009959959959959,5.744141670924889,5.19024727286995,6.298036068979828
9.03256256256256,5.773079958228013,5.219083954523653,6.327075961932372
9.055165165165164,5.802123628097358,5.248032833463183,6.356214422731533
9.077767767767767,5.831272205639058,5.277093320846788,6.385451090431328
9.10037037037037,5.860525215959246,5.30626482804652,6.414785603871972
9.122972972972972,5.889882184164043,5.335546766725758,6.444217601602328
9.145575575575574,5.919342635359592,5.364938548915331,6.4737467218038525
9.168178178178177,5.948906094652023,5.394439587088121,6.503372602215925
9.19078078078078,5.978572087147458,5.424049294232267,6.533094880062649
9.213383383383382,6.008340137952037,5.453767083922999,6.562913191981075
9.235985985985984,6.038209772171886,5.483592370392992,6.59282717395078
9.258588588588587,6.068180514913146,5.5135245686014205,6.622836461224871
9.28119119119119,6.098251891281938,5.543563094301558,6.652940688262318
9.303793793793794,6.128423426384396,5.573707364107081,6.683139488661711
9.326396396396396,6.15869464532665,5.60395679555698,6.71343249509632
9.348998998998997,6.189065073214836,5.6343108071791494,6.743819339250523
9.3716016016016,6.2195342351550735,5.664768818552586,6.774299651757561
9.394204204204204,6.2501016562535145,5.695330250368365,6.804873062138664
9.416806806806806,6.2807668616162715,5.725994524489137,6.835539198743406
9.439409409409407,6.311529376349481,5.7567610640074385,6.866297688691523
9.46201201201201,6.342388725559282,5.787629293302636,6.897148157815927
9.484614614614614,6.3733444343517975,5.8185986380965025,6.928090230607093
9.507217217217217,6.404396027833162,5.849668525507563,6.95912353015876
9.529819819819819,6.4355430311095,5.8808383841040754,6.990247678114924
9.55242242242242,6.466784969286949,5.912107643955726,7.021462294618172
9.575025025025024,6.498121367471645,5.943475736683983,7.052766998259307
9.597627627627627,6.529551750769713,5.974942095511162,7.084161406028263
9.620230230230229,6.561075644287285,6.006506155308165,7.115645133266404
9.642832832832832,6.592692573130485,6.038167352640897,7.147217793620072
9.665435435435434,6.624402062405458,6.069925125815394,7.178878998995521
9.688038038038037,6.656203637218328,6.101778914921578,7.210628359515079
9.71064064064064,6.68809682267523,6.13372816187571,7.24246548347475
9.733243243243242,6.720081143882288,6.165772310461532,7.274389977303044
9.755845845845844,6.7521561259456355,6.197910806370042,7.306401445521229
9.778448448448447,6.784321293971412,6.230143097237954,7.33849949070487
9.80105105105105,6.816576173065742,6.26246863268477,7.370683713446714
9.823653653653652,6.848920288334755,6.294886864348556,7.4029537123209534
9.846256256256256,6.881353164884586,6.327397245920334,7.435309083848837
9.868858858858857,6.913874327821365,6.359999233177101,7.467749422465628
9.89146146146146,6.946483302251224,6.392692284013496,7.500274320488952
9.914064064064064,6.979179613280295,6.425475858472085,7.5328833680885054
9.936666666666666,7.011962786014702,6.458349418772248,7.5655761532571555
9.959269269269267,7.0448323455605815,6.4913124293377304,7.5983522617834325
9.98187187187187,7.077787817024072,6.524364356822721,7.6312112772254235
10.004474474474474,7.110828725511296,6.55750467013657,7.664152780886022
10.027077077077076,7.143954596128384,6.590732840467113,7.697176351789655
10.049679679679679,7.177164953981475,6.624048341302538,7.730281566660411
10.07228228228228,7.210459324176688,6.657450648451843,7.7634679999015335
10.094884884884884,7.24383723182017,6.6909392400638845,7.796735223576456
10.117487487487487,7.2772982020180415,6.724513596644934,7.830082807391149
10.140090090090089,7.31084175987643,6.758173201074843,7.863510318678017
10.16269269269269,7.3444674305014805,6.791917538621745,7.897017322381216
10.185295295295294,7.378174738999312,6.825746096955237,7.930603381043387
10.207897897897897,7.411963210476063,6.859658366158199,7.964268054793927
10.2305005005005,7.445832370037865,6.893653838737034,7.998010901338695
10.253103103103102,7.479781742790839,6.9277320096305,8.031831475951178
10.275705705705704,7.513810853841127,6.9618923762170315,8.065729331465223
10.298308308308307,7.547919228294859,6.996134438320561,8.099704018269158
10.32091091091091,7.582106391258161,7.030457698214834,8.13375508430149
10.343513513513512,7.616371867837173,7.0648616606262635,8.167882075048082
10.366116116116114,7.650715183138016,7.099345832735199,8.202084533540834
10.388718718718717,7.685135862266826,7.133909724175757,8.236362000357895
10.41132132132132,7.71963343032974,7.168552847034079,8.270714013625401
10.433923923923922,7.7542074124328755,7.20327471584506,8.3051401090206909
10.456526526526526,7.788857333682377,7.238074847587585,8.339639819777169
10.479129129129127,7.823582719184367,7.272952761678182,8.374212676690552
10.50173173173173,7.858383094044985,7.307907979963163,8.408858208126807
10.524334334334334,7.893257983370355,7.342940026709199,8.443575940031511
10.546936936936936,7.928206912266608,7.378048428592352,8.478365395940864
10.569539539539539,7.963229405839885,7.413232714685579,8.513226096994192
10.59214214214214,7.998324989196305,7.448492416444583,8.548157561948026
10.614744744744744,8.033493187442005,7.483827067692246,8.583159307191764
10.637347347347346,8.068733525683118,7.51923620460136,8.618230846764876
10.659949949949949,8.104045529025774,7.554719365675856,8.653371692375691
10.68255255255255,8.139428722576096,7.590276091730453,8.688581353421739
10.705155155155154,8.17488263144023,7.625905925868734,8.723859337011726
10.727757757757757,8.2104067807243,7.661608413459591,8.75920514798901
10.750360360360359,8.246000695534436,7.697383102112169,8.794618288956704
10.772962962962962,8.28166390097677,7.733229541649152,8.83009826030439
10.795565565565564,8.317395922157433,7.7691472840785005,8.865644560236364
10.818168168168167,8.353196284182557,7.805135883563601,8.901256684801513
10.840770770770769,8.389064512158274,7.841194896391768,8.936934127924781
10.863373373373372,8.425000131190718,7.877323880941221,8.972676381440214
10.885975975975974,8.461002666386012,7.913522397646397,9.008482935125627
10.908578578578577,8.497071642850292,7.949790008961712,9.044353276738871
10.93118118118118,8.533206585689694,7.986126279323687,9.0802868920557
10.953783783783782,8.569407020010338,8.022530775111445,9.116283264909232
10.976386386386386,8.605672470918371,8.059003064605667,9.152341877231075
10.998988988988987,8.642002463519907,8.095542717945825,9.188462209093988
11.02159159159159,8.678396522921089,8.132149307085918,9.22464373875626
11.044194194194192,8.714854174228043,8.168822405748472,9.260885942707613
11.066796796796796,8.751374942546903,8.205561589376993,9.297188295716813
11.089399399399397,8.787958352983798,8.24236643508674,9.333550270880856
11.112002002002,8.82460393064486,8.279236521613896,9.369971339675825
11.134604604604604,8.861311200636225,8.316171429263065,9.406450972009385
11.157207207207206,8.89807968806402,8.353170739853145,9.442988636274894
11.179809809809809,8.934908918034369,8.390234036661536,9.479583799407202
11.20241241241241,8.971798415653414,8.42736090436672,9.516235926940107
11.225015015015014,9.008747706027286,8.464550928989128,9.552944483065444
11.247617617617616,9.045756314262109,8.501803697830344,9.589708930693874
11.270220220220219,9.08282376546402,8.53911879941069,9.62652873151735
11.292822822822822,9.119949584739148,8.57649582340503,9.663403346073265
11.315425425425424,9.157133297193624,8.613934360576938,9.700332233810311
11.338028028028027,9.194374427933585,8.651434002711147,9.737314853156024
11.360630630630629,9.23167250206515,8.68899434254425,9.77435066158605
11.383233233233232,9.269027044694466,8.726614973693746,9.811439115695187
11.405835835835834,9.306437580927648,8.764295490585228,9.848579671270068
11.428438438438437,9.343903635870841,8.802035488377948,9.885771783363735
11.451041041041039,9.381424734630166,8.83983456288849,9.923014906371842
11.473643643643642,9.41900040231176,8.877692310512778,9.960308494110741
11.496246246246246,9.456630164021755,8.915608328146194,9.997651999897316
11.518848848848847,9.494313544866277,8.953582213101912,10.035044876630641
11.54145145145145,9.53205006995146,8.99161356302743,10.07248657687549
11.564054054054052,9.56983926438344,9.029701975819206,10.109976552947673
11.586656656656656,9.607680653268337,9.067847049535441,10.147514257001234
11.609259259259257,9.645573761712294,9.106048382306984,10.185099141117604
11.63186186186186,9.683518114821439,9.144305572246294,10.222730657396584
11.654464464464462,9.721513237701897,9.18261821735449,10.260408258049305
11.677067067067066,9.759558655459811,9.220985915426438,10.298131395493185
11.69966966966967,9.797653893201304,9.259408263953821,10.335899522448786
11.72227227227227,9.835798476032501,9.29788486002622,10.373712092038781
11.744874874874874,9.87399192905955,9.336415300230176,10.411568557888923
11.767477477477476,9.912233777388563,9.37499918054609,10.449468374231035
11.79008008008008,9.95052354612569,9.41363609624314,10.487410996008238
11.81268268268268,9.98886076037705,9.452325641771935,10.525395878982163
11.835285285285284,10.027244945248782,9.491067410655104,10.56342247984246
11.857887887887886,10.065675625847003,9.529860995375579,10.601490256318428
11.880490490490489,10.104152327277864,9.568705987262753,10.639598667292976
11.903093093093092,10.142674574647486,9.607601976376197,10.677747172918776
11.925695695695694,10.181241893061996,9.646548551387195,10.715935234736797
11.948298298298297,10.219853807627532,9.685545299457832,10.754162315797231
11.970900900900899,10.258509843450225,9.724591806117699,10.792427880782752
11.993503503503502,10.297209525636205,9.76368765513811,10.8307313961343
12.016106106106104,10.3359523792916,9.802832428403866,10.869072330179334
12.038708708708707,10.374737929522547,9.842025705782422,10.907450153262673
12.06131131131131,10.413565701435177,9.88126706499048,10.945864337879874
12.083913913913912,10.452435220135614,9.9205560814579,10.984314358813329
12.106516516516516,10.491346010729993,9.95989232818894,11.022799693271045
12.129119119119117,10.530297598324449,9.999275375620705,11.061319821028192
12.15172172172172,10.569289508025111,10.038704791478793,11.09987422457143
12.174324324324322,10.608321264938107,10.078180140630037,11.138462389246177
12.196926926926926,10.647392394169572,10.117700984932366,11.177083803406777
12.219529529529527,10.686502418446326,10.157266880702304,11.215737956190347
12.24213213213213,10.725650485937228,10.196877006380095,11.254423965494361
12.264734734734734,10.764834965348518,10.236529757465695,11.293140173231341
12.287337337337336,10.80405412811756,10.27622342854998,11.33188482768514
12.30993993993994,10.843306245681724,10.315956310417839,11.370656180945609
12.33254254254254,10.882589589478373,10.355726689879045,11.409452489077701
12.355145145145144,10.921902430944881,10.395532849595774,11.448272012293987
12.377747747747746,10.961243041518605,10.435373067906633,11.487113015130577
12.40035035035035,11.000609692636926,10.475245618647197,11.525973766626656
12.42295295295295,11.040000655737202,10.515148770966892,11.564852540507513
12.445555555555554,11.079414202256807,10.555080789142288,11.603747615371326
12.468158158158158,11.118848603633097,10.595039932386578,11.642657274879616
12.49076076076076,11.158302131303447,10.635024454655301,11.681579807951593
12.513363363363363,11.197773056705225,10.675032604448155,11.720513508962295
12.535965965965964,11.237259651275796,10.715062624606855,11.759456677944737
12.558568568568568,11.276760186452528,10.75511275210899,11.798407620796064
12.58117117117117,11.316272933672785,10.795181217857763,11.837364649487807
12.603773773773773,11.35579616437394,10.8352662464676,11.87632608228028
12.626376376376374,11.395328149993354,10.875366056045486,11.915290243941222
12.648978978978977,11.434867161968404,10.915478857968068,11.954255465968739
12.67158158158158,11.474411471736447,10.955602856654334,11.99322008681856
12.694184184184182,11.51395935073485,10.995736249333921,12.03218245213578
12.716786786786786,11.553509070400992,11.035877225810966,12.071140914991018
12.739389389389387,11.593058902172228,11.076023968223339,12.110093836121116
12.76199199199199,11.63260711748593,11.116174650797403,12.149039584174458
12.784594594594592,11.672151987779463,11.156327439598071,12.187976535960855
12.807197197197196,11.711691784490203,11.19648049227424,12.226903076706165
12.8297997997998,11.751224779055507,11.23663195779947,12.265817600311543
12.8524024024024,11.790749242912742,11.276779976208001,12.304718509617484
12.875005005005004,11.830263447499284,11.31692267832595,12.343604216672619
12.897607607607606,11.869765664252489,11.357058185497747,12.38247314300723
12.92021021021021,11.909254164609738,11.397184609307859,12.421323719911618
12.94281281281281,11.948727220008383,11.437300051297594,12.460154388719172
12.965415415415414,11.988183101885804,11.477402602677325,12.498963601094284
12.988018018018016,12.027620081679364,11.5174903440338,12.53774981932493
13.01062062062062,12.067036430826427,11.55756134503286,12.576511516619993
13.033223223223223,12.106430420764365,11.597613664117471,12.61524717741126
13.055825825825824,12.145800322930539,11.637645348201108,12.65395529765997
13.078428428428428,12.185144408762326,11.677654432356725,12.692634385167928
13.10103103103103,12.22446094969708,11.717638939501189,12.731282959892972
13.123633633633633,12.263748217172179,11.757596880075496,12.76989955426886
13.146236236236234,12.303004482624985,11.79752625172076,12.80848271352921
13.168838838838838,12.342228017492872,11.837425038950169,12.847030996035574
13.19144144144144,12.381417093213196,11.877291212817115,12.885542973609278
13.214044044044043,12.420569981223336,11.917122730579674,12.924017231866998
13.236646646646646,12.459684952960652,11.956917535361601,12.962452370559703
13.259249249249248,12.49876027986251,11.996673555810206,13.000847003914815
13.281851851851851,12.537794233366284,12.036388705751294,13.039199760981274
13.304454454454453,12.576785084909336,12.076060883841501,13.07750928597717
13.327057057057056,12.615731105929031,12.115687973218392,13.11577423863967
13.349659659659658,12.654630567862746,12.155267841148705,13.153993294576788
13.372262262262261,12.69348174214784,12.194798338675037,13.192165145620644
13.394864864864862,12.732282900221682,12.23427730026162,13.230288500181743
13.417467467467466,12.77103231352164,12.273702543439509,13.268362083603773
13.44007007007007,12.80972825348508,12.313071868451754,13.306384638518406
13.46267267267267,12.848368991549371,12.352383057899203,13.34435492519954
13.485275275275274,12.88695279915188,12.391633876387445,13.382271721916315
13.507877877877876,12.925477947729968,12.430822070175646,13.42013382528429
13.53048048048048,12.963942708721017,12.469945366827975,13.45794005061406
13.55308308308308,13.002345353562381,12.509001474868342,13.49568923225642
13.575685685685684,13.04068415369143,12.547988083439352,13.533380223943508
13.598288288288288,13.07895738054554,12.586902861966305,13.571011899124777
13.62089089089089,13.117163305562057,12.625743459827133,13.608583151296981
13.643493493493493,13.155300200178374,12.66450750602944,13.646092894327309
13.666096096096094,13.193366335831843,12.70319260889541,13.683540062768277
13.688698698698698,13.23135998395983,12.741796355756003,13.720923612163658
13.7113013013013,13.26927941599971,12.78031631265541,13.75824251934401
13.733903903903903,13.307122903388846,12.818750024067066,13.795495782710626
13.756506506506504,13.344888717564608,12.857095011538087,13.832682423591129
13.779109109109108,13.382575129964364,12.895348685528283,13.869801574400444
13.801711711711711,13.420180412025475,12.933508299329066,13.906852524721884
13.824314314314313,13.45770283518531,12.971571111006165,13.943834559364456
13.846916916916916,13.495140670881241,13.009534402149956,13.980746939612526
13.869519519519518,13.532492190550634,13.047395479552181,14.017588901549088
13.892122122122121,13.569755665630852,13.085151676851922,14.054359654409783
13.914724724724723,13.606929367559266,13.12280035614768,14.091058378970851
13.937327327327326,13.64401156777324,13.160338909572266,14.127684225974216
13.959929929929928,13.681000537710148,13.197764760827164,14.164236314593131
13.982532532532531,13.717894548807347,13.235075366672891,14.200713730941803
14.005135135135134,13.754691872502212,13.272268218371861,14.237115526632563
14.027737737737736,13.79139078023211,13.3093408430802,14.27344071738402
14.05034034034034,13.827989543434407,13.34629080518494,14.309688281683874
14.072942942942941,13.864486433546462,13.383115705731246,14.345857161361678
14.095545545545544,13.900879722005655,13.41981315731332,14.38194628669799
14.118148148148146,13.937167680249352,13.456380801119279,14.417954559379426
14.14075075075075,13.973348579714914,13.492816337089824,14.453880822340004
14.16335335335335,14.009420691839706,13.529117526143192,14.48972385753622
14.185955955955954,14.045382288061104,13.565282191442249,14.52548238467996
14.208558558558558,14.08123163981647,13.601308219524364,14.561155060108577
14.23116116116116,14.116967018543171,13.637193561290355,14.596740475795988
14.253763763763763,14.152586695678579,13.67293623284907,14.632237158508088
14.276366366366364,14.188088942660052,13.708534316214784,14.66764356910532
14.298968968968968,14.223472030924965,13.743985959855094,14.702958101994836
14.32157157157157,14.258734231910685,13.779289379087361,14.738179084734009
14.344174174174173,14.293873817054582,13.814442856322565,14.7733047777866
14.366776776776774,14.328889057794006,13.849444741155722,14.80833337443229
14.389379379379378,14.363778225566348,13.884293450302863,14.843263000829833
14.411981981981981,14.39853959180896,13.918987467384808,14.878091716233113
14.434584584584583,14.433171427959213,13.953525342558928,14.912817513359498
14.457187187187186,14.467672005454478,13.98790569200034,14.947438318908617
14.479789789789788,14.502039595732116,14.02212719723461,14.981951994229622
14.502392392392391,14.536272470229495,14.056188604324719,15.01635633613427
14.524994994994993,14.570368900383986,14.090088722915247,15.050649077852725
14.547597597597596,14.604327157632955,14.123826425137473,15.084827890128437
14.5702002002002,14.63814551341377,14.157400644379353,15.118890382448187
14.592802802802801,14.671822239163795,14.190810373924796,15.152834104402794
14.615405405405404,14.705355606320401,14.22405466546698,15.186656547173822
14.638008008008006,14.73874388632095,14.257132627500738,15.220355145141163
14.66061061061061,14.771985350602819,14.290043423599363,15.253927277606275
14.683213213213211,14.805078270603362,14.322786270581247,15.287370270625477
14.705815815815814,14.838020917759962,14.355360436572132,15.320681398947793
14.728418418418416,14.87081156350997,14.387765238968537,15.353857888051401
14.75102102102102,14.903448479290764,14.420000042308393,15.386896916273136
14.773623623623623,14.935929936539706,14.4520642560544,15.419795617025011
14.796226226226224,14.968254206694168,14.4839573322961,15.452551081092235
14.818828828828828,15.000419561191512,14.515678763376073,15.48516035900695
14.84143143143143,15.03242427146911,14.547228079445881,15.517620463492337
14.864034034034033,15.06426660896432,14.578604845956942,15.5499283719717
14.886636636636634,15.095944845114524,14.609808661091417,15.58208102913763
14.909239239239238,15.127457251357077,14.640839153137811,15.614075349576343
14.93184184184184,15.158802099129352,14.67169597781579,15.645908220442912
14.954444444444443,15.189977659868719,14.702378815554242,15.677576504183195
14.977047047047046,15.220982205012534,14.732887368726278,15.70907704129879
14.999649649649648,15.25181400599817,14.763221358844557,15.740406653151783
15.022252252252251,15.282471334263002,14.793380523719653,15.771562144806351
15.044854854854853,15.312952461244388,14.823364614583964,15.802540307904811
15.067457457457456,15.3432556583797,14.853173393183095,15.833337923576305
15.090060060060058,15.373379197106303,14.882806628836107,15.863951765376498
15.112662662662661,15.403321348861564,14.912264095465604,15.894378602257524
15.135265265265263,15.433080385082846,14.941545568598105,15.924615201567587
15.157867867867866,15.462654577207527,14.97065082233459,15.954658332080463
15.18047047047047,15.492042196672967,14.999579626290595,15.98450476705534
15.203073073073071,15.521241514916538,15.028331742504786,16.01415128732829
15.225675675675674,15.550250803375596,15.056906922314267,16.043594684436922
15.248278278278276,15.579068333487514,15.085304903194515,16.072831763780513
15.27088088088088,15.607692376689677,15.11352540556112,16.101859347818234
15.293483483483481,15.636121204419421,15.141568129530123,16.130674279308717
15.316086086086084,15.664353088114131,15.16943275163331,16.15927342459495
15.338688688688688,15.69238629921118,15.197118921483927,16.18765367693843
15.36129129129129,15.720219109147918,15.224626258388218,16.21581195990762
15.383893893893893,15.747849789361727,15.25195434789747,16.243745230825983
15.406496496496494,15.775276611289968,15.279102738294618,16.271450484285317
15.429099099099098,15.802497846370004,15.30607093700931,16.2989247557307
15.4517017017017,15.82951176603921,15.332858406954543,16.32616512512388
15.474304304304303,15.856316641734955,15.359464561448995,16.353168722020914
15.496906906906904,15.882910744894597,15.385888441371657,16.379933048417534
15.519509509509508,15.909292346955503,15.412128292119652,16.406456401791353
15.542112112112111,15.935459719355057,15.43818218929436,16.432737249415755
15.564714714714713,15.961411133530603,15.464048144255328,16.45877412280588
15.587317317317316,15.987144860919528,15.489724107871998,16.484565613967057
15.609919919919918,16.012659172959186,15.515207974146705,16.510110371771667
15.632522522522521,16.03795234108695,15.540497583714858,16.53540709845904
15.655125125125123,16.063022636740182,15.565590727227827,16.56045454625254
15.677727727727726,16.08786833135626,15.59048514862402,16.585251514088498
15.700330330330328,16.112487696372543,15.61517854829352,16.60979684445157
15.722932932932931,16.136879003226394,15.639668586141324,16.63408942031146
15.745535535535534,16.161040523355197,15.663952884554236,16.65812816215616
15.768138138138136,16.1849705281963,15.68802903127592,16.681912025116677
15.79074074074074,16.208667289187083,15.71189458219489,16.705439996179276
15.813343343343341,16.232129077764903,15.735547064049344,16.72871109148046
15.835945945945944,16.255354165367145,15.758983977053141,16.751724353681148
15.858548548548546,16.27834082343115,15.782202797446395,16.774478849415907
15.88115115115115,16.30108732339431,15.805200979974488,16.796973666814132
15.903753753753751,16.323591936693976,15.827975960298406,16.819207913089546
15.926356356356354,16.34585293476752,15.850525157339643,16.8411807121954
15.948958958958958,16.36786858905232,15.872845975562285,16.862891202542357
15.97156156156156,16.389637170985726,15.894935807194695,16.884338534776756
15.994164164164163,16.41115695200511,15.916792034393184,16.90552186961704
16.016766766766764,16.432426203547845,15.938412031349424,16.926440375746267
16.039369369369368,16.453443197051296,15.959793166343458,16.947093227759137
16.06197197197197,16.474206218782125,15.980932818573033,16.96747961899122
16.084574574574575,16.494715654284253,16.001830464549858,16.987600844018647
16.107177177177178,16.51497614147501,16.02248983309331,17.00746244985671
16.129779779779778,16.534992832225345,16.042915168758196,17.027070495692495
16.15238238238238,16.554770878406252,16.06311071967936,17.046431037133143
16.17498498498498,16.57431543188869,16.083080739320643,17.065550124456735
16.197587587587584,16.593631644543635,16.102829488175022,17.084433800912247
16.220190190190188,16.612724668242052,16.122361235415646,17.103088101068458
16.24279279279279,16.63159965485492,16.141680260497576,17.121519049212264
16.265395395395394,16.650261756253204,16.16079085470978,17.13973265779663
16.287997997997998,16.66871612430787,16.179697322676738,17.157734925939003
16.3106006006006,16.686967910889898,16.19840398380894,17.175531837970855
16.3332032032032,16.705022267870252,16.21691517370126,17.193129362039244
16.355805805805804,16.7228843471199,16.235235245478208,17.210533448761595
16.378408408408404,16.740559300509826,16.253368571084856,17.227750029934796
16.401011011011008,16.75805227991099,16.27131954252205,17.244785017299932
16.42361361361361,16.775368437194373,16.289092573024657,17.26164430136409
16.446216216216214,16.79251292423093,16.306692098181106,17.278333750280755
16.468818818818818,16.809490892891642,16.324122576992913,17.29485920879037
16.49142142142142,16.826307495047477,16.341388492872305,17.31122649722265
16.514024024024025,16.842967882569404,16.358494354576404,17.327441410562404
16.536626626626624,16.859477207328393,16.37544469707616,17.343509717580627
16.559229229229228,16.875840621195422,16.392244082358328,17.359437160032517
16.581831831831828,16.892063276041455,16.408897100158676,17.375229451924234
16.60443443443443,16.908150323737466,16.425408368624712,17.39089227885022
16.627037037037034,16.92410691615443,16.441782534906153,17.406431297402705
16.649639639639638,16.939938205163305,16.458024275671423,17.421852134655186
16.67224224224224,16.955649342635077,16.47413829754858,17.437160387721573
16.694844844844845,16.971245480440707,16.490129337488895,17.45236162339252
16.717447447447448,16.98673177045116,16.506002163051697,17.467461377850626
16.740050050050048,17.00211336453742,16.521761572608956,17.48246515646588
16.76265265265265,17.01739541457045,16.537412395468113,17.49737843367279
16.78525525525525,17.03258307242123,16.55295949191198,17.512206652930477
16.807857857857854,17.047681489960716,16.56840775315445,17.526955226766983
16.830460460460458,17.062695819059886,16.583762101210944,17.54162953690883
16.85306306306306,17.07763121158971,16.599027488682577,17.556234934496846
16.875665665665665,17.092492819421167,16.614208898453214,17.57077674038912
16.898268268268268,17.10728579442521,16.62931134329864,17.58526024555178
16.92087087087087,17.12201528847283,16.644339865407282,17.59969071153838
16.94347347347347,17.13668645343498,16.659299535811847,17.61407337105811
16.966076076076074,17.151304441182642,16.674195453731713,17.62841342863357
16.988678678678674,17.16587440358678,16.689032745825543,17.64271606134802
17.011281281281278,17.180401492518374,16.703816565354263,17.656986419682486
17.03388388388388,17.194890859848382,16.718552091254097,17.671229628442667
17.056486486486484,17.209347657447783,16.733244527120032,17.685450787775533
17.079089089089088,17.223777037187546,16.74789910009963,17.69965497427546
17.10169169169169,17.238184150938643,16.76252105969763,17.713847242179657
17.124294294294295,17.25257415057204,16.77711567649166,17.72803262465242
17.146896896896894,17.266952187958715,16.791688240759544,17.742216135157886
17.169499499499498,17.281323414969638,16.806244061018624,17.75640276892065
17.192102102102098,17.295692983475764,16.8207884624778,17.770597504473727
17.2147047047047,17.310066045348087,16.835326785402902,17.784805305293272
17.237307307307304,17.324447752457562,16.849864382779234,17.79903112213589
17.259909909909908,17.338843256675172,16.864406579778862,17.813279933571483
17.28251251251251,17.353257709871876,16.878958651330922,17.82755676841283
17.305115115115115,17.367696263918642,16.89352588047436,17.841866647362924
17.327717717717718,17.382164070686457,16.908113563222493,17.85621457815042
17.350320320320318,17.396666282046272,16.922727007648163,17.87060555644438
17.37292292292292,17.41120804986908,16.937371532903587,17.885044566834576
17.39552552552552,17.42579452602583,16.952052468174948,17.89953658387671
17.418128128128124,17.440430862387508,16.966775151572595,17.91408657320242
17.440730730730728,17.455122210825078,16.98154492895683,17.928699492693326
17.46333333333333,17.469873723209517,16.996367152700103,17.94338029371893
17.485935935935935,17.484690551411784,17.011247180385833,17.958133922437735
17.508538538538538,17.49957784730286,17.02619037344449,17.97296532116123
17.53114114114114,17.51454076275371,17.041202095727254,17.98787942978017
17.55374374374374,17.529584449635305,17.0562877120178,18.00288118725281
17.576346346346345,17.544714059818624,17.071452586114,18.01797553352325
17.598948948948944,17.559934745174623,17.08670204598851,18.033167444360735
17.621551551551548,17.57525165757428,17.102041355659555,18.048461959489007
17.64415415415415,17.590669948888575,17.11747576827059,18.06386412950656
17.666756756756754,17.60619477098847,17.133010532378776,18.079379009598163
17.689359359359358,17.62183127574493,17.148650892030673,18.09501165945919
17.71196196196196,17.63758461502894,17.164402086795764,18.110767143262112
17.734564564564565,17.65345994071146,17.180269351757705,18.126650529665216
17.757167167167164,17.669462404663452,17.196257917463374,18.14266689186353
17.779769769769768,17.685597158755908,17.212373009829648,18.158821307682167
17.802372372372368,17.701869354859788,17.22861985000785,18.175118859711727
17.82497497497497,17.71828414484606,17.245003654206016,18.191564635486102
17.847577577577574,17.7348466805857,17.261529633468943,18.20816372770246
17.870180180180178,17.751562113949678,17.278202993416002,18.224921234483354
17.89278278278278,17.768435596808963,17.29502893393694,18.241842259680986
17.915385385385385,17.785472281034526,17.312012648845553,18.2589319132235
17.937987987987988,17.802677318497334,17.329159325491492,18.276195311503177
17.960590590590588,17.820055349360615,17.346473632622455,18.293637066098775
17.98319319319319,17.837606755199204,17.36395597303175,18.311257537366657
18.00579579579579,17.855329804930566,17.381604622555376,18.329054987305756
18.028398398398394,17.873222752265526,17.399417767014352,18.3470277375167
18.051001001000998,17.891283850914885,17.417393545183177,18.365174156646592
18.0736036036036,17.909511354589444,17.435530088958025,18.383492620220864
18.096206206206205,17.927903517000026,17.45382552517852,18.40198150882153
18.118808808808808,17.946458591857436,17.47227797688249,18.42063920683238
18.14141141141141,17.965174832872478,17.49088556450741,18.439464101237547
18.16401401401401,17.984050493755955,17.509646407038314,18.458454580473596
18.186616616616615,18.00308382821869,17.528558623102,18.477609033335376
18.209219219219214,18.022273089971485,17.547620332007217,18.496925847935753
18.231821821821818,18.04161653272515,17.56682965473081,18.51640341071949
18.25442442442442,18.061112410190493,17.58618471484949,18.536040105531495
18.277027027027025,18.08075897607832,17.60568363941711,18.555834312739535
18.299629629629628,18.10055448409945,17.62532454602806,18.57578442217084
18.32223223223223,18.120497187964684,17.645105474968975,18.595888900960393
18.344834834834835,18.14058534138483,17.66502444137402,18.616146241395644
18.367437437437435,18.160817198070703,17.685079467236044,18.636554928905362
18.390040040040038,18.1811910117331,17.705268583463496,18.657113440002707
18.41264264264264,18.201705036082842,17.725589831801255,18.67782024036443
18.435245245245245,18.222357524830738,17.746041266662225,18.69867378299925
18.457847847847844,18.243146731687585,17.766620956869318,18.71967250650585
18.480450450450448,18.264070910364207,17.7873269873071,18.740814833421314
18.50305305305305,18.2851283145714,17.808157460482597,18.7620991686602
18.525655655655655,18.30631719801998,17.829110497994805,18.783523898045154
18.548258258258254,18.327635814420752,17.850184241912324,18.80508738692918
18.570860860860858,18.34908241748453,17.8713768560588,18.826787978910264
18.59346346346346,18.370655260922117,17.892686527205733,18.8486239946385
18.616066066066065,18.392352598444333,17.914111466172457,18.87059373071621
18.638668668668668,18.414172683761972,17.935649908832936,18.89269545869101
18.661271271271268,18.436113770585845,17.957300117029433,18.914927424142256
18.68387387387387,18.458174112626775,17.979060379392894,18.937287845860656
18.706476476476475,18.480351963595556,18.000929012070095,18.959774915121017
18.729079079079078,18.502645577203,18.022904359357895,18.982386795048107
18.751681681681678,18.525053207159928,18.04498479424467,19.005121620075187
18.77428428428428,18.54757310717713,18.067168718859417,19.02797749549484
18.796886886886885,18.570203530965426,18.08945456482909,19.05095249710176
18.819489489489488,18.59294273223562,18.111840793544637,19.074044670926604
18.84209209209209,18.61578896469853,18.13432589633659,19.09725203306047
18.86469469469469,18.638740482064954,18.156908394560986,19.12057256956892
18.887297297297295,18.66179553804571,18.179586839596606,19.144004236494812
18.909899899899898,18.684952386351593,18.202359812754505,19.167544959948682
18.9325025025025,18.70820928069343,18.225225925101096,19.191192636285766
18.9551051051051,18.73156447478202,18.248183817195873,19.214945132368165
18.977707707707705,18.755016222328173,18.271232158745253,19.238800285911093
19.000310310310308,18.778562777042698,18.294369648173788,19.262755905911607
19.02291291291291,18.8022023926364,18.317595012114307,19.28680977315849
19.045515515515515,18.8259333228201,18.340907004818472,19.310959640821725
19.068118118118115,18.84975382130459,18.36430440748922,19.335203235119955
19.090720720720718,18.873662141800686,18.38778602753688,19.359538256064493
19.11332332332332,18.89765653801921,18.411350697760366,19.383962378278053
19.135925925925925,18.921735263670946,18.434997275455117,19.408473251886775
19.158528528528525,18.94589657246672,18.45872464144958,19.433068503483856
19.181131131131128,18.970138718117337,18.482531699071508,19.457745737163165
19.20373373373373,18.994459954333614,18.5064173730459,19.48250253562133
19.226336336336335,19.01885853482635,18.530380608325952,19.507336461326748
19.248938938938938,19.04333271330635,18.554420368858555,19.532245057754142
19.271541541541538,19.06788074348442,18.5785356362857,19.55722585068314
19.29414414414414,19.092500879071395,18.602725408583034,19.582276349559756
19.316746746746745,19.11719137377806,18.62698869863677,19.60739404891935
19.339349349349348,19.141950481315234,18.65132453276019,19.63257642987028
19.361951951951948,19.16677645539371,18.675731949150435,19.657820961636983
19.38455455455455,19.19166754972432,18.700209996286706,19.68312510316193
19.407157157157155,19.21662201801786,18.724757731270174,19.708486304765543
19.429759759759758,19.24163811398514,18.749374218106556,19.733902009863723
19.45236236236236,19.266714091336965,18.774058525931345,19.759369656742585
19.47496496496496,19.29184820378415,18.79880972717803,19.78488668039027
19.497567567567565,19.317038705037504,18.823626895689276,19.81045051438573
19.520170170170168,19.34228384880784,18.848509104770752,19.836058592844925
19.54277277277277,19.367581888805955,18.873455425187302,19.861708352424607
19.56537537537537,19.39293107874266,18.89846492310078,19.88739723438454
19.587977977977975,19.418329672328777,18.923536657948656,19.9131226867089
19.610580580580578,19.44377592327511,18.94866968026233,19.938882166287886
19.63318318318318,19.469268085292452,18.97386302942392,19.964673141160983
19.655785785785785,19.49480441209163,18.99911573135989,19.990493092823368
19.678388388388385,19.520383157383442,19.024426796169806,20.01633951859708
19.700990990990988,19.546002574878706,19.049795215688164,20.04220993406925
19.72359359359359,19.571660918288224,19.075219960977112,20.068101875599336
19.746196196196195,19.597356441322805,19.10069997974751,20.0940129028981
19.768798798798795,19.623087397693265,19.126234193705677,20.119940601680852
19.791401401401398,19.648852041110406,19.151821495822794,20.145882586398017
19.814004004004,19.67464862528504,19.1774607475239,20.171836503046183
19.836606606606605,19.700475403927975,19.203150775792952,20.197800032062997
19.859209209209208,19.72633063075002,19.22889037019051,20.22377089130953
19.881811811811808,19.75221255946198,19.254678279780016,20.249746839143945
19.90441441441441,19.778119443774667,19.280513209958965,20.27572567759037
19.927017017017015,19.804049537398903,19.306393819190497,20.30170525560731
19.949619619619618,19.83000109404547,19.332318610017666,20.327683578073277
19.97222222222222,19.855972367425196,19.358285403528875,20.353659331321516
19.99482482482482,19.88196161124888,19.384291741497133,20.379631481000626
20.017427427427425,19.90796707922734,19.410335122576402,20.40559903587828
20.040030030030028,19.933987025071385,19.43641300580802,20.43156104433475
20.06263263263263,19.96001970249182,19.462522813676163,20.457516591307478
20.08523523523523,19.986063365199442,19.48866193508904,20.483464795309843
20.107837837837835,20.012116266905082,19.514827728290168,20.509404805519996
20.130440440440438,20.03817666131954,19.54101752370381,20.535335798935268
20.15304304304304,20.064242802153615,19.567228626718737,20.561256977588492
20.175645645645645,20.090312943118132,19.59345832041371,20.587167565822554
20.198248248248245,20.11638533792388,19.619703868228065,20.613066807619695
20.220850850850848,20.14245824028169,19.6459625165805,20.638953963982882
20.24345345345345,20.168529903902364,19.672231497438634,20.664828310366094
20.266056056056055,20.194598582496702,19.698508030841918,20.690689134151487
20.288658658658655,20.220662529775517,19.72478932737996,20.716535732171074
20.311261261261258,20.246719999449624,19.75107259062801,20.74236740827124
20.33386386386386,20.27276924522982,19.777355019541204,20.768183470918437
20.356466466466465,20.29880852082693,19.803633810808815,20.793983230845047
20.379069069069068,20.32483607995175,19.829906161169276,20.819765998734226
20.401671671671668,20.35085017631509,19.856169269686777,20.845531082943406
20.42427427427427,20.37684906362777,19.88242033998971,20.87127778726583
20.446876876876875,20.40283099560058,19.90865658247095,20.897005408730212
20.469479479479478,20.42879422594435,19.934875216449942,20.92271323543876
20.492082082082078,20.45473700836987,19.961073472295883,20.94840054444386
20.51468468468468,20.480657596587967,19.987248593511573,20.97406659966436
20.537287287287285,20.506554244309434,20.013397838776623,20.999710649842246
20.559889889889888,20.53242520524509,20.039518483949145,21.025331926541035
20.58249249249249,20.558268733105738,20.065607824024287,21.05092964218719
20.60509509509509,20.584083081602188,20.091663175048115,21.07650298815626
20.627697697697695,20.609866504445247,20.11768187598497,21.102051132905522
20.650300300300298,20.635617255345732,20.143661290536397,21.127573220155067
20.6729029029029,20.661333588014447,20.16959880890944,21.153068367119452
20.6955055055055,20.687013756162195,20.195491849532136,21.178535662792253
20.718108108108105,20.712656013499796,20.221337860713785,21.203974166285807
20.740710710710708,20.73825861373805,20.24713432224752,21.229382905228583
20.76331331331331,20.763819810587773,20.272878746952717,21.25476087422283
20.785915915915915,20.78933785775977,20.298568682154603,21.280107033364935
20.808518518518515,20.81481100896485,20.324201711098485,21.305420306831213
20.831121121121118,20.84023778978469,20.349775726166833,21.33069985340255
20.85372372372372,20.865618050239203,20.37528998272233,21.355946117756076
20.876326326326325,20.890952043063127,20.400744178586972,21.38115990753928
20.898928928928925,20.916240021085056,20.426138052548065,21.406341989622046
20.921531531531528,20.94148223713357,20.451471385313248,21.431493088953893
20.94413413413413,20.966678944037263,20.476744000479204,21.45661388759532
20.966736736736735,20.991830394624706,20.50195576541788,21.481705023831534
20.989339339339338,21.01693684172448,20.527106592078276,21.506767091370683
21.011941941941938,21.04199853816517,20.552196437702026,21.531800638628315
21.03454454454454,21.067015736775364,20.57722530545098,21.556806168099747
21.057147147147145,21.091988690383634,20.602193244945486,21.58178413582178
21.079749749749748,21.11691765181857,20.627100352712034,21.60673495092511
21.102352352352348,21.14180287390875,20.65194677253932,21.631658975278178
21.12495495495495,21.16664460948276,20.676732695741897,21.65655652322362
21.147557557557555,21.191443111369185,20.701458361330946,21.681427861407425
21.170160160160158,21.2161986323966,20.7261240560918,21.706273208701404
21.19276276276276,21.24091142539359,20.750730114568313,21.73109273621887
21.21536536536536,21.26558174318874,20.775276918954187,21.755886567423293
21.237967967967965,21.29020983861063,20.799764898891766,21.78065477832949
21.260570570570568,21.314795964487843,20.824194531179067,21.805397397796618
21.28317317317317,21.339340373648962,20.84856633938594,21.830114407911985
21.30577577577577,21.363843318922562,20.87288089338061,21.854805744464514
21.328378378378375,21.38830505313724,20.89713880876804,21.87947129750644
21.350980980980978,21.41272582912157,20.921340746241647,21.904110912001492
21.37358358358358,21.437105899704132,20.94548741085036,21.928724388557903
21.396186186186185,21.461445517713514,20.96957955118292,21.953311484244107
21.418788788788785,21.48574493597829,20.993617958471624,21.977871913484954
21.441391391391388,21.510004407327052,21.01760346561792,22.002405349036184
21.46399399399399,21.534224184588382,21.041536946142184,22.02691142303458
21.486596596596595,21.558404520590855,21.065419313060342,22.051389728121368
21.509199199199198,21.582545668163057,21.089251517689977,22.075839818636137
21.531801801801798,21.606647880133572,21.11303454838858,22.100261211878564
21.5544044044044,21.63071140933098,21.136769429226717,22.124653389435245
21.577007007007005,21.65473650858387,21.160457218598957,22.149015798568783
21.599609609609608,21.678723430720815,21.184099007775195,22.173347853666435
21.622212212212208,21.702672428570395,21.207695919395274,22.197648937745516
21.64481481481481,21.726583754961208,21.231249105909466,22.22191840401295
21.667417417417415,21.75045766272182,21.25475974796747,22.246155577476173
21.690020020020018,21.774294404680823,21.27822905275856,22.270359756603085
21.71262262262262,21.798094233666802,21.301658252305177,22.294530215028427
21.73522522522522,21.821857402508325,21.325048601712304,22.318666203304346
21.757827827827825,21.84558416403399,21.348401377374863,22.342766950693118
21.780430430430428,21.869274771072373,21.37171787514494,22.366831666999804
21.80303303303303,21.892929476452057,21.394999408460844,22.39085954444327
21.82563563563563,21.916548533001617,21.418247306439405,22.41484975956383
21.848238238238235,21.94013219354965,21.441462911933108,22.438801475166194
21.870840840840838,21.96368071092472,21.464647579553006,22.462713842296434
21.89344344344344,21.987194337955433,21.487802673658635,22.48658600225223
21.916046046046045,22.010673327470354,21.510929564769615,22.510417090171092
21.938648648648645,22.034117932298063,21.53402946782127,22.534206396774856
21.961251251251248,22.057528405267156,21.557103286799588,22.557953523734724
21.98385385385385,22.08090499920621,21.58015186375438,22.581658134658042
22.006456456456455,22.104247966943802,21.603176010569552,22.605319923318053
22.029059059059055,22.127557561308517,21.626176509575135,22.6289386130419
22.051661661661658,22.15083403512894,21.649154114152427,22.652513956105455
22.07426426426426,22.17407764123365,21.67210954933141,22.676045733135894
22.096866866866865,22.197288632451237,21.69504351237967,22.699533752522804
22.11946946946947,22.220467261610274,21.71795667338233,22.72297784983822
22.142072072072068,22.24361378153935,21.740849675812296,22.7463778872664
22.16467467467467,22.266728445067038,21.763723137090388,22.76973375304369
22.187277277277275,22.289811505021937,21.786577649135026,22.79304536090885
22.209879879879878,22.312863214232618,21.809413778900993,22.816312649564242
22.232482482482478,22.335883825527656,21.83223206890715,22.839535582148162
22.25508508508508,22.35887359173564,21.855033037752758,22.862714145718524
22.277687687687685,22.381832765685168,21.87781718062231,22.885848350748027
22.300290290290288,22.404761600204804,21.900584969778652,22.908938230630955
22.32289289289289,22.427660348123133,21.92333685504453,22.93198384120174
22.34549549549549,22.450529262268738,21.946073264272197,22.95498526026528
22.368098098098095,22.473368595470205,21.96879460380141,22.977942587139
22.390700700700698,22.496178600556128,21.991501258905597,23.00085594220666
22.4133033033033,22.518959530355055,22.014193594226377,23.023725466483732
22.4359059059059,22.541711637695595,22.03687195419658,23.04655132119461
22.458508508508505,22.56443517540633,22.059536663451684,23.069333687360977
22.481111111111108,22.587130396315835,22.08218802722998,23.092072765401692
22.50371371371371,22.609797553252697,22.10482633176163,23.114768774743766
22.526316316316315,22.632436899045494,22.127451844646657,23.13742195344433
22.548918918918915,22.655048686522807,22.150064815222215,23.1600325578234
22.571521521521518,22.677633168513225,22.17266547491927,23.18260086210718
22.59412412412412,22.700190597845328,22.195254037608922,23.205127158081734
22.616726726726725,22.722721227347694,22.217830699938695,23.227611754756694
22.639329329329325,22.745225309848912,22.24039564165889,23.250054978038936
22.661931931931928,22.767703098177563,22.262949025939438,23.272457170415688
22.68453453453453,22.79015484516222,22.285490999677435,23.294818690647006
22.707137137137135,22.81258080363148,22.308021693795634,23.317139913467326
22.72973973973974,22.834981226413916,22.33054122353219,23.339421229295642
22.752342342342338,22.857356366338117,22.35304968872206,23.361663043954174
22.77494494494494,22.879706476232652,22.375547174070125,23.38386577839518
22.797547547547545,22.902031808926118,22.39803374941675,23.406029868435485
22.82015015015015,22.924332617247096,22.42050946999551,23.428155764498683
22.842752752752748,22.94660915402416,22.44297437668405,23.45024393136427
22.86535535535535,22.968861672085893,22.465428496247903,23.472294847923884
22.887957957957955,22.99109042426089,22.4878718415779,23.49430900694388
22.91056056056056,23.01329566337772,22.51030441192131,23.516286914834126
22.93316316316316,23.035477642264965,22.532726193107194,23.538229091422735
22.95576576576576,23.057636613751214,22.555137157766254,23.560136069736174
22.978368368368365,23.079772830665057,22.57753726554553,23.582008395784584
23.000970970970968,23.10188654583506,22.59992646331822,23.603846628351903
23.02357357357357,23.123978012089818,22.62230468538914,23.625651338790497
23.04617617617617,23.1460474822579,22.64467185369609,23.64742311081971
23.068778778778775,23.168095209167895,22.667027878007374,23.669162540328415
23.091381381381378,23.190121445648394,22.68937265611606,23.69087023518073
23.11398398398398,23.212126444527975,22.711706074031095,23.712546815024854
23.136586586586585,23.23411045863521,22.734028006165936,23.734192911104486
23.159189189189185,23.256073740798684,22.756338315524737,23.75580916607263
23.181791791791788,23.278016543846995,22.77863685388673,23.77739623380726
23.20439439439439,23.299939120608713,22.800923461989033,23.798954779228392
23.226996996996995,23.32184172391242,22.823197969708232,23.82048547811661
23.2495995995996,23.343724606586704,22.845460196241323,23.841989016932086
23.272202202202198,23.365588021460134,22.867709950286056,23.863466092634212
23.2948048048048,23.387432221361315,22.889947030221432,23.8849174125012
23.317407407407405,23.409257459118805,22.91217122428837,23.90634369394924
23.34001001001001,23.431063987561203,22.934382310771262,23.927745664351143
23.362612612612608,23.452852059517085,22.95658005818051,23.94912406085366
23.38521521521521,23.474621927815043,22.97876422543669,23.970479630193395
23.407817817817815,23.496373845283635,23.00093456205638,23.99181312851089
23.43042042042042,23.518108064751473,23.023090808340545,24.013125321162402
23.45302302302302,23.53982483904712,23.045232695565225,24.034416982529017
23.47562562562562,23.56152442099917,23.067359946175515,24.055688895822826
23.498228228228225,23.583207063436195,23.08947227398274,24.07694185288965
23.52083083083083,23.604873019186787,23.111569384365506,24.098176654008068
23.54343343343343,23.626522541079517,23.1336509744748,24.119394107684233
23.56603603603603,23.648155881942976,23.155716733443676,24.140595030442277
23.588638638638635,23.66977329460574,23.177766342601664,24.161780246609815
23.61124124124124,23.691375031896406,23.19979947569457,24.182950588098244
23.63384384384384,23.71296134664354,23.221815799109557,24.20410689417752
23.656446446446445,23.73453249167573,23.243814972106463,24.225250011244995
23.679049049049045,23.756088719821562,23.26579664705498,24.246380792588145
23.701651651651648,23.77763028390961,23.287760469678656,24.267500098140562
23.72425425425425,23.799157436768468,23.309706079305585,24.28860879423135
23.746856856856855,23.82067043122671,23.3316331091262,24.309707753327217
23.769459459459455,23.84216952011292,23.353541186458703,24.330797853767134
23.792062062062058,23.86365495625568,23.375429933021874,24.351879979489485
23.81466466466466,23.885126992483574,23.397298965216024,24.372955019751124
23.837267267267265,23.906585881625183,23.419147894412045,24.39402386883832
23.85986986986987,23.928031876509092,23.440976327248784,24.4150874257694
23.882472472472468,23.949465229963877,23.462783865939006,24.43614659398875
23.90507507507507,23.970886194818128,23.484570108584094,24.45720228105216
23.927677677677675,23.992295023900425,23.50633464949756,24.47825539830329
23.95028028028028,24.01369197003935,23.528077079537535,24.499306860541164
23.972882882882878,24.03507728606348,23.54979698644833,24.520357585678628
23.99548548548548,24.056451224801407,23.571493955211174,24.54140849439164
24.018088088088085,24.07781403908171,23.593167568403903,24.562460509759514
24.04069069069069,24.09916598173297,23.614817406570012,24.583514556895928
24.06329329329329,24.120507305583764,23.636443048596625,24.604571562570904
24.08589589589589,24.14183826346268,23.658044072101603,24.62563245482376
24.108498498498495,24.163159108198307,23.679620053829446,24.64669816256717
24.1311011011011,24.184470092619215,23.701170570056046,24.667769615182383
24.1537037037037,24.205771469554,23.722695197001965,24.688847742106038
24.1763063063063,24.227063491831228,23.74419351125399,24.709933472408466
24.198908908908905,24.24834641227949,23.76566509019486,24.731027734364115
24.22151151151151,24.269620483727376,23.787109512440693,24.75213145501406
24.24411411411411,24.290885959003454,23.808526358285732,24.773245559721175
24.266716716716715,24.312143090936313,23.829915210154233,24.794370971718394
24.289319319319315,24.33339213235454,23.851275653058778,24.8155086116503
24.31192192192192,24.354633336086707,23.872607275064706,24.836659397108708
24.33452452452452,24.37586695496141,23.89390966776009,24.857824242162728
24.357127127127125,24.397093241807216,23.91518242673063,24.8790040568838
24.379729729729725,24.418312449452714,23.936425152038957,24.90019974686647
24.40233233233233,24.439524830726498,23.957637448707594,24.921412212745402
24.42493493493493,24.460730638457136,23.97881892376448,24.942642353149793
24.447537537537535,24.481930125473205,23.99996915385435,24.96389109709206
24.47014014014014,24.50312354460331,24.02108771470722,24.985159374499396
24.492742742742738,24.524311148676006,24.042174213161445,25.006448084190566
24.51534534534534,24.5454931905199,24.0632282888378,25.027758092202
24.537947947947945,24.56666992296356,24.08424961525369,25.04909023067343
24.56055055055055,24.587841598835574,24.105237900878933,25.070445296792215
24.583153153153148,24.60900847096452,24.126192890130312,25.091824051798724
24.60575575575575,24.630170792178983,24.147114364302613,25.113227220055354
24.628358358358355,24.651328815307544,24.168002142433693,25.134655488181394
24.65096096096096,24.67248279317879,24.188856082101534,25.156109504256047
24.67356356356356,24.693632978621302,24.209676080151258,25.177589877091346
24.69616616616616,24.714779624463652,24.23046207335037,25.199097175576934
24.718768768768765,24.73592298353444,24.25121403897067,25.22063192809821
24.74137137137137,24.75706330866224,24.271931995295454,25.242194622029025
24.76397397397397,24.778200852675628,24.292616002050988,25.263785703300268
24.786576576576575,24.799335868403194,24.313266160761376,25.28540557604501
24.809179179179175,24.820468608673515,24.333882615026212,25.307054602320818
24.83178178178178,24.84159932631518,24.354465550720764,25.328733101909595
24.85438438438438,24.86272827415677,24.375015196118508,25.35044135219503
24.876986986986985,24.883855705026864,24.395531821936338,25.37217958811739
24.899589589589585,24.904981871754043,24.41601574130289,25.393948002205196
24.92219219219219,24.926107027166896,24.43646730965064,25.41574674468315
24.94479479479479,24.947231424094007,24.456886924532895,25.437575923655118
24.967397397397395,24.96835531536394,24.477275025366758,25.459435605361122
24.99,24.989478953805303,24.497632093103785,25.48132581450682
