rt_source,rt_target_predicted,ci_lower,ci_upper
1.55,0.6298039402076855,-0.29358449462893765,1.5531923750443086
1.5698598598598599,0.6365734088960102,-0.2866466558610692,1.5597934736530896
1.5897197197197197,0.6433409789743595,-0.2797120881129004,1.5663940460616192
1.6095795795795795,0.6501047518327586,-0.2727826910409844,1.5729921947065018
1.6294394394394396,0.6568628288612322,-0.265860364326698,1.5795860220491624
1.6492992992992994,0.6636133114498052,-0.25894700745682864,1.586173630356439
1.6691591591591592,0.670354300988502,-0.2520445196600454,1.5927531216370494
1.689019019019019,0.6770838988673481,-0.24515479990957634,1.5993225976442726
1.708878878878879,0.6838002064763676,-0.23827974698002885,1.6058801599327641
1.7287387387387387,0.6905013252055858,-0.23142125942164904,1.6124239098328208
1.7485985985985986,0.6971853977665641,-0.22458119416658984,1.618951989699718
1.7684584584584586,0.7038515686435022,-0.21776040612986758,1.6254635434168718
1.7883183183183184,0.7105000134958449,-0.21095871880074513,1.631958745792435
1.8081781781781783,0.7171309551866357,-0.2041759081889406,1.638437818562212
1.828038038038038,0.7237446165789205,-0.19741175000710343,1.6449009831649444
1.847897897897898,0.730341220535743,-0.19066601967070818,1.6513484607421942
1.8677577577577578,0.736920989920148,-0.183938492253649,1.657780472093945
1.8876176176176176,0.74348414759518,-0.17722894248745813,1.664197237677818
1.9074774774774776,0.7500309164238839,-0.17053714476404136,1.670598977611809
1.9273373373373375,0.7565615192693033,-0.16386287313862813,1.6769859116772348
1.9471971971971973,0.7630761789944839,-0.15720590133293078,1.6833582593218985
1.9670570570570571,0.7695751184624692,-0.15056600273852339,1.6897162396634617
1.986916916916917,0.776058560536305,-0.14394295042042604,1.696060071493036
2.006776776776777,0.7825267280790346,-0.13733651712091177,1.702389973278981
2.0266366366366366,0.788979843953703,-0.13074647526351646,1.7087061631709224
2.0464964964964967,0.7954181310233552,-0.12417259695727068,1.7150088590039811
2.0663563563563563,0.8018418121510353,-0.11761465400114146,1.721298278303212
2.0862162162162163,0.8082511101997878,-0.11107241788868694,1.7275746382882624
2.106076076076076,0.8146462480326574,-0.1045456598129263,1.733838155878241
2.125935935935936,0.8210274485126889,-0.09803415067142185,1.7400890476967996
2.145795795795796,0.8273949345029268,-0.09153766107157646,1.74632753007743
2.1656556556556557,0.8337489288664147,-0.0850559613361429,1.7525538190689725
2.1855155155155157,0.8400896544661985,-0.07858882150894508,1.758768130441342
2.2053753753753753,0.8464173341653219,-0.07213601136081849,1.7649706796914624
2.2252352352352354,0.8527321908268302,-0.06569730039575683,1.7711616820494172
2.2450950950950954,0.859034447313767,-0.059272457857278416,1.7773413524848123
2.264954954954955,0.8653243264891775,-0.05286125273500086,1.7835099057133559
2.2848148148148146,0.8716020512161058,-0.04646345377143224,1.7896675562036437
2.3046746746746747,0.8778678443575969,-0.04007882946897379,1.7958145181841676
2.3245345345345347,0.8841219287766953,-0.03370714809713682,1.8019510056505275
2.3443943943943943,0.8903645273364453,-0.027348177699971776,1.8080772323728624
2.3642542542542544,0.8965958628998919,-0.021001686103710004,1.814193411903494
2.384114114114114,0.9028161583300788,-0.014667440924620356,1.820299757584778
2.403973973973974,0.9090256364900517,-0.008345209577073742,1.8263964825571772
2.423833833833834,0.9152245202428541,-0.002034759281828058,1.832483799767536
2.4436936936936937,0.92141303245153094,0.004264142925483605,1.8385619219775782
2.4635535535535538,0.9275913959791274,0.010551730185646035,1.844631061772609
2.4834134134134134,0.9337598336886872,0.01682823580694215,1.8506914315704321
2.5032732732732734,0.9399185684432552,0.023093893256028064,1.8567432436304823
2.5231331331331335,0.9460678231058757,0.029348936148588023,1.8627867100631632
2.542992992992993,0.9522078205395936,0.035593598239783364,1.8688220428394038
2.5628528528528527,0.958338783607453,0.04182811341448589,1.8748494538004201
2.5827127127127127,0.9644609351724991,0.04805271567730374,1.8808691546676943
2.602572572572573,0.9705744980977763,0.05426763914239052,1.886881357053162
2.622432432432433,0.9766796952463287,0.060473118023048,1.8928862724696094
2.6422922922922925,0.9827767494812012,0.06666938662111566,1.8988841123412867
2.662152152152152,0.988865883665438,0.0728566793161487,1.9048750880147274
2.682012012012012,0.9949473206620842,0.07903523055438688,1.9108594107697816
2.701871871871872,1.0010212833341845,0.08520527483751095,1.916837291830858
2.7217317317317318,1.0070879945447824,0.091367046711188,1.9228089423783767
2.7415915915915914,1.013147677156923,0.09752078075341009,1.9287745735604358
2.7614514514514514,1.0192005540336517,0.10366671156261931,1.9347343965046842
2.7813113113113115,1.025246848038012,0.10980507374562087,1.940688622330403
2.8011711711711715,1.0312867820330485,0.11593610190529191,1.9466374621608051
2.821031031031031,1.03732056124833,0.12206001299460012,1.95258110950206
2.8408908908908908,1.043348274365136,0.12817690738907606,1.958519641341196
2.860750750750751,1.049369962769146,0.1342868381265787,1.9644530874117132
2.880610610610611,1.0553856677105131,0.14038985805423687,1.9703814773667894
2.900470470470471,1.0613954304393924,0.14648601995063348,1.9763048409281514
2.9203303303303305,1.0673992922059383,0.15257537651225095,1.9822232078996258
2.94019019019019,1.0733972942603058,0.15865798023519562,1.9881366082854162
2.96005005005005,1.0793894778526492,0.16473388122983845,1.9940450744754599
2.9799099099099102,1.0853758842331223,0.1708031272321644,1.9999486412340801
2.99976976976977,1.0913565546518806,0.1768657656834728,2.0058473436202884
3.0196296296296294,1.0973315303590783,0.1829218438294069,2.0117412168887494
3.0394894894894895,1.1033008526048704,0.18897140873002483,2.017630296479716
3.0593493493493495,1.109264562639411,0.19501450726970015,2.023514618009122
3.0792092092092096,1.1152227017128549,0.20105118616686424,2.0293942172588455
3.099069069069069,1.1211753110753568,0.20708149198358006,2.0352691301671335
3.118928928928929,1.1271224319770705,0.21310547113495026,2.0411393928191908
3.138788788788789,1.1330641056681512,0.21912316989836544,2.047005041437937
3.158648648648649,1.1390003733987533,0.22513463442257942,2.052866112374927
3.178508508508509,1.1449312764190314,0.23113991073662343,2.058722642101439
3.1983683683683686,1.1508568559791401,0.23713904475855307,2.064574667199727
3.218228228228228,1.1567771533292335,0.24313208230402739,2.0704222243544397
3.2380880880880882,1.1626922097194672,0.24911906909472437,2.07626535034421
3.2579479479479483,1.168602066399995,0.2551000507665844,2.0821040820334056
3.277807807807808,1.1745067646209713,0.261075072877891,2.0879384563640517
3.2976676676676675,1.1804063456325509,0.2670441809171824,2.0937685103479193
3.3175275275275276,1.1863008506848887,0.2730074203109947,2.0995942810587827
3.3373873873873876,1.192190321028139,0.2789648364314371,2.105415805624841
3.3572472472472477,1.1980747979124564,0.28491647460359926,2.1112331212213133
3.3771071071071073,1.2039543225879947,0.29086238011278975,2.1170462650631996
3.396966966966967,1.2098289363049102,0.2968025982116088,2.1228552743982116
3.416826826826827,1.2156986803133554,0.3027371741268434,2.128660186499867
3.436686686686687,1.2215635958634872,0.3086661530662067,2.134461038660768
3.456546546546547,1.2274237242054573,0.31458958022489103,2.1402578681860236
3.4764064064064066,1.2332791065894226,0.32050750079197143,2.1460507123868737
3.4962662662662662,1.2391297842655364,0.32641995995661954,2.1518396085744533
3.5161261261261263,1.244975798483954,0.33232700291416184,2.157624594053746
3.5359859859859863,1.2508171904948295,0.3382286748719603,2.1634057061176986
3.5558458458458464,1.2566540015483179,0.3441250210551253,2.1691829820415105
3.5757057057057056,1.2624862728945732,0.35001608671205764,2.1749564590770887
3.5955655655655656,1.2683140457837505,0.35590191711982033,2.1807261744476807
3.6154254254254257,1.2741373614660043,0.3617825575893373,2.1864921653426714
3.6352852852852857,1.2799562611914879,0.36765805347042324,2.1922544689125525
3.655145145145145,1.2857707862103582,0.3735284501566455,2.198013122264071
3.675005005005005,1.2915809777727671,0.3793937930900022,2.203768162455532
3.694864864864865,1.2973868771288724,0.3852541277654491,2.2095196264922956
3.714724724724725,1.3031885255288251,0.39110949973523035,2.21526755132242
3.734584584584585,1.3089859642227821,0.39695995461306244,2.2210119738325016
3.7544444444444443,1.314779234460897,0.4028055380781257,2.226752930843668
3.7743043043043043,1.3205683774933261,0.4086462958788982,2.232490459107754
3.7941641641641644,1.3263534345702213,0.41448227383680436,2.238224595303638
3.8140240240240244,1.3321344469417382,0.42031351784970683,2.2439553760337696
3.8338838838838845,1.3379114558580327,0.42614007389521336,2.249682837820852
3.8537437437437436,1.3436845025692576,0.4319619880338139,2.2554070171047016
3.8736036036036037,1.3494536283255676,0.43777930641185026,2.2611279502392847
3.8934634634634637,1.3552188743771187,0.44359207526430966,2.266845673489928
3.9133233233233238,1.360980281974064,0.4494003409174413,2.2725602230306867
3.933183183183183,1.3667378923665578,0.4552041497912084,2.278271634941907
3.953043043043043,1.3724917468047564,0.4610035484015633,2.2839799452079497
3.972902902902903,1.378241886538814,0.4667985833625463,2.2896851897150814
3.992762762762763,1.3839883528188828,0.47258930138821387,2.295387404249552
4.012622622622623,1.3897311868951205,0.47837574929440263,2.3010866244958383
4.032482482482482,1.395470430017678,0.4841579740002985,2.3067828860350574
4.052342342342342,1.4012061234367152,0.4899360225298628,2.312476224343568
4.072202202202202,1.4069383084023817,0.49570994201304797,2.3181666747917156
4.0920620620620625,1.4126670261648344,0.5014797796868787,2.32385427264279
4.1119219219219225,1.4183923179742273,0.507245582896329,2.3295390530521254
4.131781781781782,1.4241142250807157,0.5130073990950446,2.335221051066387
4.151641641641642,1.429832788734453,0.5187652758458794,2.3409003016230265
4.171501501501502,1.435548050185595,0.5245192608212697,2.3465768395499205
4.191361361361362,1.4412600506842939,0.5302694018034223,2.3522506995651655
4.211221221221221,1.4469688314807072,0.5360157466843459,2.3579219162770686
4.231081081081081,1.4526744338249877,0.5417583434656877,2.363590524184288
4.250940940940941,1.458376898967291,0.547497240258415,2.369256557676167
4.270800800800801,1.4640762681577706,0.5532324852823115,2.3749200510332296
4.290660660660661,1.469772582646582,0.5589641268653072,2.3805810384278567
4.31052052052052,1.4754658836838785,0.5646922134426279,2.386239553925129
4.33038038038038,1.4811562125198154,0.5704167935557775,2.3918956314838535
4.3502402402402405,1.4868436104045475,0.5761379158513427,2.397549304957752
4.3701001001001005,1.4925281185882298,0.5818556290796243,2.403200608096835
4.389959959959961,1.498209778321015,0.5875699820930936,2.4088495745489364
4.40981981981982,1.503888630853061,0.5932810238446831,2.4144962378614387
4.42967967967968,1.5095647174345193,0.5989888033858873,2.420140631483151
4.44953953953954,1.5152380793155455,0.6046933698647091,2.425782788766382
4.4693993993994,1.5209087577462934,0.6103947725234172,2.4314227429691697
4.489259259259259,1.5265767939769186,0.6160930606961402,2.437060527257697
4.509119119119119,1.5322422292575753,0.6217882838062784,2.442696174708872
4.528978978978979,1.5379051048384174,0.6274804913637478,2.448329718313087
4.548838838838839,1.5435654619696015,0.6331697329620519,2.453961190977151
4.568698698698699,1.5492233419012793,0.6388560582751689,2.45959062552739
4.588558558558558,1.5548787858836077,0.6445395170542833,2.465218054712932
4.6084184184184185,1.5605318351667417,0.6502201591243271,2.4708435112091562
4.6282782782782785,1.5661825310008324,0.6558980343803519,2.4764670276213128
4.648138138138139,1.571830914636038,0.661573192783741,2.482088636488335
4.667997997997999,1.5774770273225116,0.6672456843582241,2.487708370286799
4.687857857857858,1.5831209103104067,0.6729155591857373,2.493326261435076
4.707717717717718,1.588762604849879,0.6785828674021053,2.498942342297653
4.727577577577578,1.5944021521910827,0.6842476591925436,2.5045566451896217
4.747437437437438,1.6000395935841742,0.6899099847869975,2.510169202381351
4.767297297297297,1.6056749702793047,0.6955698944552934,2.515780046103316
4.787157157157157,1.6113083235266323,0.7012274385021386,2.521389208551126
4.807017017017017,1.6169396945763077,0.7068826672619204,2.5269967218906952
4.826876876876877,1.6225691246784903,0.7125356310933614,2.532602618263619
4.846736736736737,1.6281966550833296,0.7181863803739691,2.53820692979269
4.8665965965965965,1.6338223270409826,0.7238349654943459,2.5438096885876194
4.8864564564564565,1.6394461818016037,0.7294814368522998,2.5494109267509075
4.906316316316317,1.6450682606153484,0.7351258448467944,2.5550106763839024
4.926176176176177,1.6506886047323701,0.7407682398717205,2.56060896959302
4.946036036036037,1.6563072554028246,0.7464086723094999,2.5662058384961495
4.965895895895896,1.6619242538768642,0.7520471925245076,2.5718013152292207
4.985755755755756,1.6675396414046446,0.7576838508563328,2.577395431952956
5.005615615615616,1.6731534592363213,0.7633186976128558,2.5829882208597867
5.025475475475476,1.6787657486220473,0.768951783063153,2.5885797141809417
5.045335335335335,1.6843765508119786,0.774583157430238,2.594169944193719
5.065195195195195,1.6899859070562682,0.7802128708836156,2.5997589432289208
5.085055055055055,1.695593858605072,0.7858409735316763,2.605346743678468
5.104914914914915,1.701200446708545,0.7914675150596635,2.6109333783574264
5.124774774774775,1.7068057126168392,0.7970925419846,2.6165188832490784
5.1446346346346346,1.7124096975801117,0.8027160990959641,2.6221032960642594
5.164494494494495,1.718012442848517,0.8083382310113815,2.6276866546856525
5.184354354354355,1.7236139896722085,0.8139589821946314,2.6332689971497856
5.204214214214215,1.72921437930134,0.8195783969607416,2.6388503616419383
5.224074074074075,1.7348136529860683,0.825196519481024,2.6444307864911125
5.243933933933934,1.7404118519765452,0.8308133937880383,2.6500103101650523
5.263793793793794,1.7460090175229284,0.8364290637805171,2.6555889712653395
5.283653653653654,1.7516051908753716,0.842043573228209,2.661166808522534
5.303513513513514,1.7572004132840258,0.8476569657766739,2.6667438607913776
5.323373373373373,1.762794725999051,0.8532692849520271,2.672320167046075
5.343233233233233,1.7683881702705997,0.8588805741655975,2.677895766375602
5.363093093093093,1.7739807873488236,0.864490876718547,2.6834706979791
5.382952952952953,1.779572618483882,0.8701002358064325,2.6890450011613316
5.4028128128128134,1.7851637049259248,0.8757086945236823,2.6946187153281675
5.422672672672673,1.790754087925111,0.8813162958680482,2.7001918799821736
5.442532532532533,1.7963438087315917,0.8869230827449613,2.705764534718222
5.462392392392393,1.8019329085955242,0.8925290979718589,2.7113367192191897
5.482252252252253,1.8075214287670591,0.8981343842824244,2.716908473251694
5.502112112112112,1.8131094104963557,0.9037389843307951,2.722479836661916
5.521971971971972,1.8186968950335651,0.9093429406956786,2.728050849371452
5.541831831831832,1.8242839236288457,0.9149462958844378,2.7336215513732536
5.561691691691692,1.8298705375323456,0.9205490923370873,2.739191982727604
5.581551551551551,1.835456777994225,0.9261513724302664,2.7447621835581835
5.601411411411411,1.8410426862646359,0.9317531784811087,2.750332194048163
5.621271271271271,1.8466283035937354,0.9373545527510881,2.755902054436383
5.641131131131131,1.8522136712316772,0.9429555374497776,2.761471805013577
5.6609909909909915,1.8577988304286113,0.9485561747385609,2.7670414861186616
5.680850850850851,1.8633838224346986,0.954156506734296,2.772611138135101
5.700710710710711,1.8689686885000902,0.959756575512882,2.7781808014872986
5.720570570570571,1.8745534698749415,0.9653564231128027,2.78375051663708
5.740430430430431,1.8801382078094062,0.9709560915385881,2.7893203240802245
5.76029029029029,1.885722943553641,0.9765556227642261,2.7948902643430555
5.78015015015015,1.891307718357799,0.98215505873650355,2.8004603779790944
5.80001001001001,1.8968925734720357,0.9877544413782959,2.8060307055657754
5.81986986986987,1.902477550146502,0.9933538125917892,2.811601287701215
5.83972972972973,1.9080626896313584,0.9989532142616565,2.81717216500106
5.859589589589589,1.9136480331767551,1.0045526882581441,2.822743378095366
5.879449449449449,1.9192336220328465,1.010152276440128,2.8283149676255652
5.899309309309309,1.9248194974497916,1.0157520206580994,2.8338869742414836
5.9191691691691695,1.9304057006777409,1.021351962757072,2.8394594385984098
5.9390290290290295,1.935992272966849,1.0269521445794578,2.8450324013542403
5.958888888888889,1.9415792555672706,1.032552607967863,2.850605903166678
5.978748748748749,1.9471666897291635,1.0381533947678325,2.8561799846904945
5.998608608608609,1.9527546167026781,1.0437545468305174,2.861754686574839
6.018468468468469,1.9583430777379716,1.0493561060153094,2.8673300494606337
6.038328328328328,1.9639321140851975,1.054958114192388,2.872906113978007
6.058188188188188,1.969521766994512,1.060560613245224,2.8784829207438
6.078048048048048,1.975112077716067,1.0661636450730083,2.8840605103591255
6.097907907907908,1.9807030875000178,1.0717672515930374,2.889638923406998
6.117767767767768,1.9862948375965208,1.0773714747430234,2.895218200450018
6.137627627627627,1.9918873692557282,1.0829763564833448,2.9007983820281114
6.157487487487487,1.997480723727796,1.0885819387992473,2.906379508656345
6.1773473473473475,2.0030749422628764,1.0941882637029674,2.9119616208227854
6.1972072072072075,2.008670066111129,1.0997953732358172,2.9175447589864407
6.217067067067068,2.0142661365227053,1.105403309470178,2.923128963575232
6.236926926926927,2.019863194747757,1.1110121145114595,2.9287142749840545
6.256786786786787,2.0254612820364426,1.1166218304999944,2.934300733572891
6.276646646646647,2.031060439638915,1.122232499612854,2.939888379664976
6.296506506506507,2.0366607088053317,1.1278441640656272,2.945477253545036
6.316366366366366,2.0422621307858435,1.1334568661141131,2.951067395457574
6.336226226226226,2.047864746830607,1.1390706480559811,2.9566588456052325
6.356086086086086,2.0534685981897733,1.1446855522323423,2.962251644147204
6.375945945945946,2.059073726113502,1.150301621029287,2.967845831197717
6.395805805805806,2.064680171851945,1.1559188968793326,2.973441446824558
6.415665665665665,2.0702879766552567,1.1615374222628332,2.97903853104768
6.4355255255255255,2.075897181773592,1.16715723970932,2.984637123837864
6.4553853853853855,2.08150782845711,1.1727783917987837,2.990237265115436
6.475245245245246,2.0871199579559576,1.1784009211628772,2.995838994749038
6.495105105105106,2.0927336115202904,1.1840248704860932,3.0014423525544878
6.514964964964965,2.0983488304002686,1.1896502825068582,3.007047378293679
6.534824824824825,2.103965655846043,1.1952772000185534,3.012654111673532
6.554684684684685,2.1095841291077675,1.2009056658705022,3.0182625923450326
6.574544544544545,2.1152042914355964,1.206535722968881,3.023872859902312
6.594404404404404,2.1208261840796867,1.2121674142775736,3.0294849538818
6.614264264264264,2.126449848290194,1.2178007828189614,3.035098913761427
6.634124124124124,2.1320753253172695,1.2234358716746476,3.0407147789598916
6.653983983983984,2.1377026564110655,1.2290727239861354,3.0463325888359956
6.673843843843844,2.1433318828217436,1.2347113829554432,3.051952382688044
6.6937037037037035,2.1489630457994537,1.2403518918456315,3.057574199753276
6.7135635635635635,2.1545961865943544,1.2459942939813113,3.0631980792073974
6.733423423423424,2.1602313464565954,1.2516386327490503,3.0688240601641406
6.753283283283284,2.165868566636334,1.2572849515977556,3.0744521816749124
6.773143143143143,2.1715078883837204,1.2629332940389617,3.0800824827284794
6.793003003003003,2.1771493529489145,1.2685837036470913,3.085715002250738
6.812862862862863,2.1827930015820725,1.2742362240596214,3.0913497791045232
6.832722722722723,2.18843887553334,1.2798908989772002,3.09698685208948
6.852582582582583,2.1940870160528823,1.2855477721637327,3.102626259942032
6.872442442442442,2.1997374643908443,1.291206887446344,3.1082680413353447
6.892302302302302,2.2053902617973873,1.2968682887153506,3.113912234879424
6.912162162162162,2.211045449522663,1.3025320199241124,3.1195588791212137
6.932022022022022,2.216703068816827,1.3081981250888604,3.1252080125447943
6.951881881881882,2.222363160930034,1.3138666482884478,3.13085967357162
6.9717417417417415,2.2280257671124364,1.3195376336640443,3.1365139005608285
6.991601601601602,2.2336909286141897,1.3252111254187686,3.142170731809611
7.011461461461462,2.239358686685451,1.3308871678172638,3.147830205553638
7.031321321321322,2.2450290825763703,1.3365658051851979,3.153492359967543
7.051181181181181,2.250702157537108,1.3422470819087287,3.159157233165487
7.071041041041041,2.2563779528178127,1.347931042433875,3.1648248632017504
7.090900900900901,2.2620565096686422,1.353617731265861,3.1704952880714234
7.110760760760761,2.2677378693397516,1.359307192968373,3.17616854571113
7.130620620620621,2.2734220730812966,1.3649994721627694,3.181844673999824
7.15048048048048,2.279109162143426,1.370694613527216,3.1875237107596357
7.17034034034034,2.284799177776302,1.3763926617957933,3.193205693756811
7.1902002002002,2.290492161230071,1.3820936617574868,3.1988906607026553
7.21006006006006,2.2961881537548936,1.3877976582551814,3.204578649254606
7.2299199199199204,2.3018871966009207,1.3935046961845383,3.210269697017303
7.24977977977978,2.3075893310183093,1.3992148204928505,3.2159638415437684
7.26963963963964,2.313294598257212,1.4049280761778118,3.221661120336613
7.2894994994995,2.319003039567789,1.4106445082862464,3.2273615708493315
7.30935935935936,2.324714696200187,1.4163641619127467,3.233065230487627
7.329219219219219,2.330429609404563,1.4220870821982925,3.2387721366108333
7.349079079079079,2.336147820431075,1.427813314328778,3.2444823265333724
7.368938938938939,2.341869370529875,1.4335429035334775,3.250195837526273
7.388798798798799,2.3475943009511164,1.4392758950834688,3.255912706818764
7.408658658658659,2.3533226529449554,1.445012334289987,3.2616329715999237
7.428518518518518,2.359054467761546,1.4507522665027108,3.267356669020381
7.448378378378378,2.3647897866510434,1.4564957371079967,3.27308383619409
7.468238238238238,2.370528650863604,1.4622427915270497,3.2788145102001582
7.4880980980980985,2.3762711016493783,1.467993475214025,3.2845487280847316
7.5079579579579585,2.382017180258522,1.4737478336540875,3.290286526862957
7.527817817817818,2.38776692794119,1.4795059123613936,3.2960279435209867
7.547677677677678,2.3935203859475385,1.4852677568770187,3.301773015018058
7.567537537537538,2.3992775955277192,1.4910334127668183,3.30752177828862
7.587397397397398,2.4050385979318896,1.496802925619242,3.313274270244537
7.607257257257257,2.4108034344102007,1.5025763410430653,3.319030527777336
7.627117117117117,2.4165721462128125,1.5083537046650868,3.324790587760538
7.646976976976977,2.422344774589873,1.5141350621277314,3.3305544870520145
7.666836836836837,2.4281213607915415,1.5199204590866324,3.3363222624964504
7.686696696696697,2.4339019460679743,1.525709941208118,3.3420939509278305
7.706556556556556,2.4396865716693195,1.531503554166646,3.347869589171993
7.726416416416416,2.4454752788457332,1.5373013436421963,3.35364921404927
7.7462762762762765,2.4512681088473727,1.5431033553175824,3.359432862377163
7.7661361361361365,2.4570651029243944,1.5489096348757059,3.365220570973083
7.785995995995997,2.462866302326946,1.5547202279967434,3.371012376657149
7.805855855855856,2.4686717483051877,1.5605351803553011,3.376808316255074
7.825715715715716,2.4744814821092755,1.5663545376174737,3.3826084266010774
7.845575575575576,2.480295544989357,1.5721783454378495,3.3884127445408647
7.865435435435436,2.4861139781955917,1.5780066494564837,3.3942213069347
7.885295295295295,2.4919368229781327,1.5838394952957704,3.400034150660495
7.905155155155155,2.497764120587135,1.589676928557279,3.405851312616991
7.925015015015015,2.503595912272755,1.595518994818522,3.411672829726988
7.944874874874875,2.5094322392851436,1.6013657396296563,3.4174987389406306
7.964734734734735,2.515273142874459,1.6072172085101397,3.4233290772387783
7.984594594594594,2.521118664290852,1.613073446945302,3.429163881636402
8.004454454454455,2.5269688447844807,1.6189345003828837,3.4350031891860775
8.024314314314315,2.532823725605495,1.6248004142294818,3.440847036981508
8.044174174174175,2.5386833480040556,1.6306712338469715,3.4466954621611396
8.064034034034036,2.544547753230312,1.6365470045488215,3.4525485019118025
8.083893893893894,2.5504169825344216,1.6424277715963944,3.458406193472449
8.103753753753754,2.556291077166538,1.6483135801951516,3.4642685741379244
8.123613613613614,2.5621700783768158,1.6542044754908132,3.4701356812628186
8.143473473473474,2.5680540274154073,1.6601005025654503,3.476007552265364
8.163333333333334,2.573942965532472,1.6660017064335277,3.481884224631416
8.183193193193194,2.5798369339781613,1.6719081320378617,3.487765735918461
8.203053053053054,2.5857359740026298,1.6778198242455389,3.4936521237597207
8.222912912912914,2.5916401268560354,1.6837368278437685,3.4995434258683025
8.242772772772774,2.597549433788525,1.6896591875356544,3.5054396800413956
8.262632632632632,2.6034639360502587,1.6955869479359447,3.511340924164573
8.282492492492493,2.6093836748913946,1.701520153566682,3.517247196216107
8.302352352352353,2.6153086915620807,1.7074588488527973,3.523158534271364
8.322212212212213,2.6212390273124715,1.7134030779271736,3.5290749766977694
8.342072072072073,2.6271747233927276,1.7193528821295927,3.5349965646558625
8.361931931931933,2.633115821052997,1.725308300708785,3.5409233413972085
8.381791791791793,2.6390623615434374,1.7312693727707757,3.546855350316099
8.401651651651653,2.645014386114205,1.737236137330267,3.5527926348981427
8.421511511511513,2.6509719360154502,1.7432086333151733,3.558735238715727
8.441371371371371,2.656935052497329,1.7491868995710997,3.564683205423558
8.461231231231231,2.662903776809999,1.7551709748657476,3.5706365787542502
8.481091091091091,2.6688781502036116,1.7611608978932416,3.5765954025139814
8.500950950950951,2.6748582139283243,1.7671567072784193,3.5825597205782294
8.520810810810811,2.680844009234289,1.7731584415810273,3.5885295768875505
8.540670670670671,2.6868355773716575,1.779166139299869,3.594505015443446
8.560530530530531,2.6928329595905907,1.7851798388768922,3.600486080304289
8.580390390390392,2.6988361971412393,1.791199578701181,3.6064728155812977
8.600250250250252,2.70484533127376,1.79722539711292,3.6124652654346003
8.620110110110112,2.7108604032383052,1.8032573324072638,3.6184634740693467
8.63996996996997,2.7168814542850286,1.8092954228381597,3.6244674857318975
8.65982982982983,2.7229085256640877,1.8153397066220998,3.6304773447060756
8.67968968968969,2.728941658625635,1.821390221941798,3.6364930953094725
8.69954954954955,2.7349808944198313,1.82744700694982,3.6425147818898425
8.71940940940941,2.7410262742968206,1.833510099772118,3.648542448821523
8.73926926926927,2.747077839506764,1.8395795385115492,3.654576140501979
8.75912912912913,2.7531356312998154,1.845655361251275,3.660615901348356
8.77898898898899,2.759199690926126,1.8517376060581259,3.6666617757941258
8.79884884884885,2.7652700596358564,1.8578263109859054,3.672713808285807
8.818708708708709,2.7713467786791552,1.8639215140785956,3.678772043279715
8.838568568568569,2.7774298893061817,1.8700232533735432,3.68483652523882
8.858428428428429,2.7835194327670862,1.8761315669045353,3.690907298629637
8.878288288288289,2.789615450312028,1.8822464927048501,3.696984407919206
8.898148148148149,2.7957179831911567,1.8883680688102031,3.7030678975721103
8.918008008008009,2.8018270726546306,1.8944963332616682,3.709157812047593
8.937867867867869,2.807942759952603,1.9006313241084971,3.7152541957967085
8.957727727727729,2.814065086335228,1.9067730794108977,3.7213570932595585
8.977587587587589,2.8201940930526606,1.9129216372427371,3.727466548862584
8.997447447447447,2.8263298213550536,1.9190770356941784,3.733582607015929
9.017307307307307,2.832472312492566,1.925239312874265,3.739705312110867
9.037167167167167,2.8386216077153463,1.9314085069134095,3.7458347085172834
9.057027027027027,2.8447777482735552,1.937584655965863,3.7519708405812473
9.076886886886887,2.850940775417344,1.9437677982120694,3.758113752622619
9.096746746746748,2.8571107303968657,1.94995797186099,3.764263488932741
9.116606606606608,2.863287654462279,1.9561552151523556,3.770420093772203
9.136466466466468,2.8694715888637354,1.9623595663588336,3.776583611368637
9.156326326326328,2.8756625748513915,1.968571063788159,3.782754085914624
9.176186186186188,2.8818606536754,1.9747897457851753,3.788931561565625
9.196046046046046,2.8880658665859142,1.9810156507338244,3.795116082438004
9.215905905905906,2.8942782548330928,1.9872488170590734,3.801307692607112
9.235765765765766,2.9004978596670874,1.9934892832287554,3.8075064361054194
9.255625625625626,2.906724722338054,1.9997370877553708,3.813712356920737
9.275485485485486,2.912958884096145,2.0059922691978036,3.819925498994486
9.295345345345346,2.919200386191518,2.012254866162989,3.826145906220047
9.315205205205206,2.9254492698743264,2.0185249173074964,3.8323736224411564
9.335065065065066,2.9317055763947226,2.0248024613390596,3.8386086914503856
9.354924924924926,2.937969347002863,2.0310875370180463,3.84485115698768
9.374784784784785,2.9442406229489024,2.037380183158845,3.8511010627389597
9.394644644644645,2.9505194454829966,2.043680438631204,3.8573584523347892
9.414504504504505,2.956805855855297,2.0499883423614857,3.863623369349108
9.434364364364365,2.9630998953159615,2.0563039333338815,3.8698958572980415
9.454224224224225,2.9694016051151406,2.0626272505915306,3.8761759596387506
9.474084084084085,2.9757110265029936,2.0689583332376045,3.8824637197683827
9.493943943943945,2.982028200729671,2.075297220436293,3.8887591810230484
9.513803803803805,2.98835316904533,2.08164395141376,3.8950623866769005
9.533663663663665,2.994685972700124,2.0879985654589976,3.9013733799412504
9.553523523523525,3.0010266529442062,2.094361101924644,3.9076922039637685
9.573383383383385,3.007375251027735,2.1007316002277254,3.914018901827745
9.593243243243244,3.0137318082008604,2.107110099850316,3.9203535165514047
9.613103103103104,3.020096365713741,2.113496640340169,3.9266960910873134
9.632962962962964,3.0264689648165284,2.1198912613112384,3.9330466683218184
9.652822822822824,3.032849646759381,2.1262940024441757,3.939405291074586
9.672682682682684,3.0392384527924468,2.132704903486722,3.9457720020981717
9.692542542542544,3.045635424165886,2.139124004254077,3.952146844077695
9.712402402402404,3.052040602129852,2.145551344629162,3.9585298596305423
9.732262262262264,3.058454027934498,2.1519869645628393,3.9649210913061568
9.752122122122124,3.0648757428299787,2.1584309040740637,3.9713205815858936
9.771981981981984,3.0713057880664496,2.164883203249966,3.9777283728829333
9.791841841841842,3.077744204894067,2.1713439022458676,3.9841445075422666
9.811701701701702,3.08419103456298,2.1778130412852272,3.990569027840733
9.831561561561562,3.090646318323349,2.184290660659541,3.997001975987157
9.851421421421422,3.0971100974253267,2.190776800728148,4.003443394122505
9.871281281281282,3.103582413119064,2.1972715019179856,4.009893324320142
9.891141141141143,3.1100633066547223,2.203774804723292,4.016351808586153
9.911001001001003,3.1165528192824503,2.2102867497052054,4.022818888859695
9.930860860860863,3.123050992252405,2.2168073774913384,4.029294607013471
9.950720720720723,3.1295578668147406,2.2233367287752612,4.03577900485422
9.970580580580581,3.1360734842196116,2.229874844315925,4.042272124123299
9.990440440440441,3.1425978857171732,2.236421764937022,4.048774006497324
10.010300300300301,3.149131112557578,2.242977531526277,4.055284693588879
10.030160160160161,3.155673205990983,2.249542185034675,4.061804226947292
10.050020020020021,3.162224207267543,2.2561157664756206,4.0683326480594655
10.069879879879881,3.168784157637409,2.262698316924028,4.07486999835079
10.089739739739741,3.1753530983507408,2.26928987751536,4.081416319186121
10.109599599599601,3.181931070657686,2.2758904894445746,4.087971651870798
10.129459459459461,3.188518115808406,2.282500193965041,4.094536037651771
10.14931931931932,3.1951142750530503,2.289119032387348,4.101109517718752
10.16917917917918,3.2017195896417783,2.2957470460780884,4.107692133205468
10.18903903903904,3.208334100824742,2.30238427645854,4.114283925190945
10.2088988988989,3.214957849852093,2.3090307650033037,4.120884934700882
10.22875875875876,3.221590877973992,2.3156865532388795,4.127495202709104
10.24861861861862,3.2282332264405893,2.322351682742146,4.134114770139032
10.26847847847848,3.2348849365020396,2.3290261951388103,4.140743677865268
10.28833833833834,3.241546049408499,2.3357101321017684,4.14738196671523
10.3081981981982,3.2482166064101223,2.3424035353494084,4.154029677470836
10.32805805805806,3.254896648757062,2.3491064466438405,4.160686850870283
10.347917917917918,3.261586217699473,2.3558189077890734,4.1673535276098725
10.367777777777778,3.268285354487511,2.362540960629114,4.174029748345908
10.387637637637638,3.274994100371331,2.3692726470460013,4.180715553696661
10.407497497497499,3.281712496601087,2.376014008957778,4.187410984244396
10.427357357357359,3.288440584426934,2.382765088316396,4.194116080537472
10.447217217217219,3.295178405099026,2.3895259271055505,4.200830883092501
10.467077077077079,3.301925999867517,2.396296567338456,4.207555432396578
10.486936936936939,3.30868340998256,2.403077051055546,4.214289768909574
10.506796796796799,3.315450676694313,2.4098674203221204,4.221033933066505
10.526656656656657,3.3222278412529294,2.41666771722591,4.227787965279949
10.546516516516517,3.3290149449085633,2.4234779838745846,4.234551905942542
10.566376376376377,3.3358120289113704,2.430298262393195,4.241325795429546
10.586236236236237,3.342619134511504,2.4371285949215444,4.248109674101464
10.606096096096097,3.3494363029591185,2.4439690236114977,4.254903582306739
10.625955955955957,3.3562635755043697,2.4508195906242225,4.261707560384517
10.645815815815817,3.3631009933974108,2.457680338127361,4.268521648667461
10.665675675675677,3.369948597888396,2.4645513082921404,4.275345887484652
10.685535535535537,3.376806430227483,2.471432543290418,4.282180317164548
10.705395395395396,3.383674531664823,2.4783240852916455,4.289024978038
10.725255255255256,3.390552943450572,2.4852259764597915,4.295879910441352
10.745115115115116,3.3974417068348837,2.492138258950174,4.302745154719593
10.764974974974976,3.404340863067913,2.4990609749062425,4.309620751229584
10.784834834834836,3.4112504533998176,2.5059941664562873,4.316506740343348
10.804694694694696,3.4181705190807468,2.512937875710072,4.323403162451421
10.824554554554556,3.4251011013608594,2.51989214475543,4.330310057966289
10.844414414414416,3.4320422414903056,2.526857015654752,4.337227467325859
10.864274274274276,3.4389939807192436,2.53383253044145,4.344155430997037
10.884134134134136,3.445956360297828,2.540818731116322,4.351093989479334
10.903993993993994,3.4529294214762096,2.547815659643861,4.358043183308558
10.923853853853855,3.4599132055045465,2.5548233579485093,4.365003053060584
10.943713713713715,3.4669077536329946,2.5618418679108292,4.37197363935516
10.963573573573575,3.473913107111704,2.568871231363608,4.3789549828598
10.983433433433435,3.4809293071908325,2.575911490087914,4.385947124293751
11.003293293293295,3.4879563951205323,2.5829626858090635,4.392950104432001
11.023153153153155,3.4949944121509615,2.5900248601912934,4.399963964110629
11.043013013013015,3.50204339953227,2.597098054357083,4.406988744707457
11.062872872872875,3.509103398514616,2.6041823081806883,4.414024488848543
11.082732732732733,3.5161744503481516,2.6112776613223976,4.421071239373905
11.102592592592593,3.5232565962830336,2.6183841534160472,4.42812903915002
11.122452452452453,3.530349877569417,2.625501824069786,4.435197931069047
11.142312312312313,3.5374543354574532,2.6326307128667787,4.442277958048128
11.162172172172173,3.5445700111972975,2.639770859365847,4.449369163028749
11.182032032032033,3.5516969460391072,2.6469223031020395,4.456471588976175
11.201891891891893,3.558835181233035,2.654085083587124,4.463585278878946
11.221751751751754,3.565984758029236,2.661259240310029,4.470710275748443
11.241611611611614,3.5731457176778636,2.6684448127372016,4.477846622618525
11.261471471471472,3.5803181014290733,2.675641840312912,4.484994362545235
11.281331331331332,3.5875019189947026,2.68285033092116,4.492153507068245
11.301191191191192,3.5946966484433274,2.6900697607808963,4.499323536105758
11.321051051051052,3.601901325703432,2.6972991639492814,4.506503487457582
11.340910910910912,3.6091149732567267,2.7045375610150337,4.51369238549842
11.360770770770772,3.616336613584922,2.7117839725451587,4.520889254624685
11.380630630630632,3.6235652691697315,2.719037419084843,4.5280931192546205
11.400490490490492,3.6307999624928655,2.7262969211572683,4.535303003828463
11.420350350350352,3.638039716036034,2.733561499263372,4.542517932808696
11.440210210210212,3.645283552280952,2.740830173881534,4.54973693068037
11.46007007007007,3.6525304937093273,2.7481019654671868,4.556959021951467
11.47992992992993,3.6597795628028744,2.7553758944523774,4.564183231153371
11.49978978978979,3.6670297820433033,2.762650981245239,4.571408582841367
11.51964964964965,3.674280173912326,2.769926246229412,4.57863410159524
11.53950950950951,3.6815297608916526,2.7772007097633846,4.585858812019921
11.55936936936937,3.6887775654629955,2.7844733921797777,4.593081738746213
11.579229229229231,3.696022610108068,2.7917433137845538,4.600301906431582
11.599089089089091,3.7032639173085777,2.799009494856149,4.607518339761007
11.618948948948951,3.71050050954624,2.806270955644565,4.614730063447915
11.63880880880881,3.7177314093027625,2.813526716370357,4.621936102235168
11.65866866866867,3.72495563905986,2.8207757972235874,4.6291354808961325
11.67852852852853,3.732172221299243,2.828017218362685,4.636327224235801
11.69838838838839,3.739380178502622,2.8352499999132488,4.643510357091996
11.71824824824825,3.74657853315171,2.842473161966787,4.650683904336633
11.73810810810811,3.753766307728217,2.849685724579377,4.657846890877057
11.75796796796797,3.7609425247138555,2.8568867077702653,4.664998341657446
11.77782782782783,3.7681062065903355,2.8640751315101993,4.672137281670472
11.79768768768769,3.7752563758393705,2.871250015324741,4.679262736354
11.817547547547548,3.78239205494267,2.878410378188382,4.686373731696959
11.837407407407408,3.7895122663819483,2.8855552389378194,4.693469293826078
11.857267267267268,3.7966160326389136,2.892683615815085,4.700548449462742
11.877127127127128,3.8037023761952793,2.899794526888864,4.7076102255016945
11.896986986986988,3.8107703195327565,2.90688699028442,4.714653648781093
11.916846846846848,3.8178188851330574,2.913960024187995,4.72167774607812
11.936706706706708,3.824847095477891,2.921012646850685,4.728681544105097
11.956566566566568,3.831853973048972,2.928043876592126,4.735664069505818
11.976426426426428,3.8388385403280085,2.9350527318039394,4.742624348852078
11.996286286286287,3.8457998197967154,2.9420382309529955,4.749561408640435
12.016146146146147,3.852736833936801,2.9489993925844407,4.756474275289162
12.036006006006007,3.8596486052299803,2.955935235324534,4.763361975135426
12.055865865865867,3.866534156157962,2.9628447778200204,4.770223534495903
12.075725725725727,3.8733925092024575,2.969727038342063,4.777057980062851
12.095585585585587,3.8802226868451797,2.9765810350657764,4.783864338624583
12.115445445445447,3.8870237115678394,2.983405786288258,4.790641636847421
12.135305305305307,3.893794605852149,2.990200310433412,4.797388901270886
12.155165165165167,3.9005343921798183,2.996963626055452,4.804105158304185
12.175025025025027,3.9072420930325595,3.0036947518421053,4.810789434223014
12.194884884884885,3.9139167308920846,3.010392706617525,4.817440755166644
12.214744744744745,3.920557328240105,3.01705650934489,4.82405814713532
12.234604604604606,3.9271629075583316,3.023685179128723,4.83064063598794
12.254464464464466,3.933732491328476,3.030277735216895,4.837187247440057
12.274324324324326,3.9402651020322503,3.0368331970023448,4.843697007062156
12.294184184184186,3.946759762151364,3.043350584024485,4.850168940278243
12.314044044044046,3.9532154941675315,3.049828915970328,4.856602072364735
12.333903903903906,3.9596313205624623,3.0562672126752872,4.862995428449637
12.353763763763766,3.9660062638178677,3.0626644941237076,4.869348033512028
12.373623623623624,3.97233934641546,3.0690197804490755,4.875658912381845
12.393483483483484,3.9786295908369516,3.0753320919339417,4.881927089739961
12.413343343343344,3.9848760195640534,3.0816004490095383,4.888151590118569
12.433203203203204,3.9910776550784752,3.0878238722550977,4.894331437901853
12.453063063063064,3.997233519861928,3.094001382396877,4.900465657326979
12.472922922922924,4.003342636396128,3.100132000306883,4.906553272485373
12.492782782782784,4.009404027162782,3.1062147470012826,4.912593307324282
12.512642642642644,4.015416714643604,3.1122486436385364,4.9185847856486715
12.532502502502505,4.021379721320303,3.1182327115172144,4.924526731123391
12.552362362362363,4.027292069674593,3.1241659720735284,4.930418167275659
12.572222222222223,4.033152782188184,3.130047446878543,4.936258117497825
12.592082082082083,4.038960881342789,3.135876157635114,4.942045605050465
12.611941941941943,4.044715389620118,3.1416511261744984,4.947779653065737
12.631801801801803,4.050415329501882,3.147371374452691,4.953459284551072
12.651661661661663,4.056059728164956,3.1530359292416064,4.959083527088306
12.671521521521523,4.061648172473313,3.1586443771167376,4.964651967829888
12.691381381381383,4.067181331782977,3.1641973872575395,4.970165276308414
12.711241241241243,4.07265999919517,3.169695752695697,4.975624245694643
12.731101101101103,4.078084967811119,3.175140266564755,4.981029669057483
12.750960960960962,4.08345703073204,3.180531722094634,4.986382339369446
12.770820820820822,4.08877698105916,3.1858709126058717,4.991683049512449
12.790680680680682,4.0940456118937005,3.1911586315035323,4.996932592283869
12.810540540540542,4.0992637163368855,3.196395672270843,5.0021317604029285
12.830400400400402,4.104432087489936,3.2015828284437746,5.0072813465360975
12.850260260260262,4.109551518454075,3.2067208932332134,5.0123821436749365
12.870120120120122,4.114622802330528,3.2118106595293066,5.0174349451317495
12.889979979979982,4.119646732220511,3.2168529202413723,5.02244054419965
12.909839839839842,4.124624101225254,3.2218484683081385,5.027399734142369
12.9296996996997,4.129555702445974,3.226798096557771,5.032313308334177
12.94955955955956,4.134442328983899,3.2317025972760085,5.037182060691789
12.96941941941942,4.139284773940246,3.2365627626068405,5.042006785273651
12.98927927927928,4.144083830416242,3.241379384693238,5.046788276139246
13.00913913913914,4.1488402915131095,3.2461532556768917,5.051527327349327
13.028998998999,4.153554950332068,3.25088516769784,5.056224732966296
13.04885885885886,4.1582285999743425,3.255575912893981,5.060881287054704
13.06871871871872,4.162862033541156,3.2602262834004505,5.065497783681862
13.08857857857858,4.16745604413373,3.2648370713488735,5.070075016918587
13.108438438438439,4.172011424853287,3.2694090688665076,5.074613780840067
13.128298298298299,4.176528968801051,3.273943068075252,5.07911486952685
13.148158158158159,4.181009469078244,3.2784398610905336,5.083579077065955
13.168018018018019,4.185453718786089,3.2829002400200737,5.088007197552105
13.18787787787788,4.189862511025807,3.2873249969625267,5.092400025089088
13.20773773773774,4.194236638898622,3.2917149240060057,5.096758353791238
13.2275975975976,4.198576895505759,3.2960708132264727,5.101082977785046
13.24745745745746,4.202884073948436,3.3003934566860034,5.105374691210868
13.26731731731732,4.207158967327879,3.304683646430953,5.109634288224805
13.28717717717718,4.21140236874531,3.308942174383209,5.1138625631074115
13.307037037037038,4.215615071301951,3.3131698317996547,5.118060310804246
13.326896896896898,4.219797868099024,3.317367409670733,5.122228326527314
13.346756756756758,4.2239515522377555,3.3215356989610716,5.12636740551444
13.366616616616618,4.228076916819364,3.3256754906124018,5.1304783430263265
13.386476476476478,4.232174754945073,3.3297875755459634,5.134561934344183
13.406336336336338,4.236245859716106,3.3338727446647574,5.138618974767454
13.426196196196198,4.240291024233685,3.3379317888556663,5.142650259611704
13.446056056056058,4.244311041599033,3.3419654989914473,5.146656584206619
13.465915915915918,4.248306704913376,3.3459746659325917,5.15063874389416
13.485775775775776,4.25227880727793,3.3499600805290375,5.154597534026823
13.505635635635636,4.2562281417939225,3.3539225336217755,5.158533749966069
13.525495495495496,4.2601555015625765,3.3578628160442956,5.162448187080858
13.545355355355357,4.264061679685111,3.3617817186239054,5.166341640746316
13.565215215215217,4.267947469262751,3.365680032182934,5.170214906342568
13.585075075075077,4.271813663396718,3.369558547539774,5.174068779253662
13.604934934934937,4.2756610551882375,3.3734180555098137,5.177904054866661
13.624794794794797,4.279490437738529,3.377259346906215,5.181721528570844
13.644654654654657,4.283302604148818,3.3810832125405805,5.185521995757056
13.664514514514515,4.287098347520323,3.384890443223462,5.189306251817184
13.684374374374375,4.2908784609542705,3.3886818297647614,5.193075092143779
13.704234234234235,4.294643737551882,3.392458162973975,5.196829312129788
13.724094094094095,4.298394970414381,3.3962202336603187,5.200569707168443
13.743953953953955,4.302132952642988,3.399968832632708,5.204297072653268
13.763813813813815,4.305858477338928,3.40370475069845,5.208012203979406
13.783673673673675,4.309572337603423,3.4074287783891117,5.211715896817734
13.803533533533535,4.3132753265376955,3.4111417056120303,5.215408947463361
13.823393393393395,4.316968237242967,3.4148443221976414,5.219092152288292
13.843253253253256,4.320651852161825,3.418537407331792,5.222766296991859
13.863113113113114,4.324326708007056,3.4222214944879057,5.226431921526206
13.882972972972974,4.327993095438327,3.4258968711068327,5.230089319769821
13.902832832832834,4.331651294392005,3.429563813929652,5.233738774854358
13.922692692692694,4.335301584804459,3.433222599723785,5.237380569885134
13.942552552552554,4.338944246612061,3.436873505285632,5.24101498793849
13.962412412412414,4.34257955975118,3.4405168074430277,5.244642312059333
13.982272272272274,4.346207804158182,3.4441527830575214,5.248262825258843
14.002132132132134,4.349829259769437,3.447781709026494,5.25187681051238
14.021991991991994,4.353444206521315,3.451403862285086,5.2554845507575445
14.041851851851852,4.357052924350183,3.455019519807947,5.25908632889242
14.061711711711713,4.360655693192415,3.4586289586108285,5.262682427774001
14.081571571571573,4.364252792984374,3.4622324557519715,5.266273130216776
14.101431431431433,4.367844503662433,3.4658302883039687,5.269858719020898
14.121291291291293,4.371431105162959,3.4694227329005116,5.273439477425406
14.141151151151153,4.375012877422322,3.473010065830542,5.277015689014103
14.161011011011013,4.378590100376892,3.4765925634301653,5.280587637323618
14.180870870870873,4.382163053963035,3.4801705020982947,5.284155605827776
14.200730730730733,4.385732018117124,3.483744158300262,5.287719877933985
14.220590590590591,4.389297272775525,3.487313808571197,5.291280736979853
14.240450450450451,4.392859097874607,3.4908797295191905,5.294838466230023
14.260310310310311,4.396417773350741,3.4944421978282296,5.298393348873253
14.280170170170171,4.399973579140297,3.4980014902608967,5.301945668019696
14.300030030030031,4.403526795179637,3.5015578836608476,5.3054957066984265
14.319889889889891,4.407077701405141,3.505111654955086,5.309043747855196
14.339749749749751,4.4106265777531695,3.508663081155956,5.312590074350383
14.359609609609612,4.414173704160094,3.5122124393629726,5.316134968957215
14.379469469469472,4.417719360562284,3.515760006764385,5.319678714360183
14.39932932932933,4.421263826896108,3.519306060638521,5.323221593153694
14.41918918918919,4.424807383097936,3.5228508783549164,5.326763887840955
14.43904904904905,4.428350309104137,3.5263947373752043,5.33030588083307
14.45890890890891,4.431892884851079,3.5299379152537846,5.333847854448374
14.47876876876877,4.4354353902751305,3.5334806896382682,5.337390090911993
14.49862862862863,4.438978105312663,3.5370233382696936,5.340932872355633
14.51848848848849,4.4425213099000445,3.540566138982511,5.344476480817578
14.53834834834835,4.446065283973644,3.544109369704348,5.3480211982429395
14.55820820820821,4.449610307469827,3.547653308455544,5.35156730648411
14.57806806806807,4.453156660324968,3.551198233348466,5.35511508730147
14.597927927927929,4.456704622475431,3.5547444225865794,5.358664822364283
14.617787787787789,4.460254473857593,3.558292154463322,5.362216793251864
14.637647647647649,4.463806494407813,3.561841707360706,5.365771281454921
14.657507507507509,4.467360964062469,3.5653933597477567,5.369328568377181
14.677367367367369,4.470918162757924,3.568947390178657,5.3728889353371905
14.697227227227229,4.474478370430549,3.5725040772907186,5.3764526635703795
14.717087087087089,4.478041867016712,3.5760636998020963,5.380020034231327
14.736946946946949,4.481608932452785,3.5796265365092905,5.383591328396279
14.756806806806809,4.485179846675133,3.5831928662844095,5.387166827065856
14.776666666666667,4.488754889620129,3.586762968072226,5.3907468111680314
14.796526526526527,4.492334341224138,3.5903371208869834,5.394331561561293
14.816386386386387,4.4959184814235345,3.5939156038089983,5.397921359038071
14.836246246246247,4.499507590154681,3.5974986959810127,5.401516484328349
14.856106106106107,4.503101947353953,3.6010866766043508,5.4051172181035545
14.875965965965968,4.506701832957714,3.604679824934811,5.408723840980617
14.895825825825828,4.510307526902335,3.6082784202783698,5.412336633526301
14.915685685685688,4.513919309124187,3.611882741986637,5.415955876261737
14.935545545545548,4.5175374595596365,3.615493069452083,5.41958184966719
14.955405405405406,4.521162258145056,3.61910968210306,5.423214834187052
14.975265265265266,4.524793984816808,3.6227328593985666,5.42685511023505
14.995125125125126,4.5284329195112685,3.626362880822828,5.430502958199709
15.014984984984986,4.532079342164803,3.630000025879603,5.434158658450003
15.034844844844846,4.535733532713779,3.6336445740863015,5.437822491341257
15.054704704704706,4.53939577109457,3.6372968049678653,5.441494737221275
15.074564564564566,4.543066337243544,3.6409569980483636,5.445175676438724
15.094424424424426,4.546745511097067,3.644625432540616,5.4488655896535185
15.114284284284286,4.55043357259151,3.6483023870166584,5.452564758166361
15.134144144144146,4.554130801663243,3.651988139953705,5.456273463372781
15.154004004004005,4.557837478248633,3.6556829698089914,5.459991986688275
15.173863863863865,4.561553882284049,3.65938715501755,5.463720609550549
15.193723723723725,4.565280293705862,3.66310097398984,5.467459613421884
15.213583583583585,4.5690169924504405,3.666824705054827,5.471209279846054
15.233443443443445,4.572764258454153,3.67055862591761,5.474969890990695
15.253303303303305,4.576522371653368,3.674303013887976,5.47874172941876
15.273163163163165,4.580291611984455,3.678058146243324,5.482525077725586
15.293023023023025,4.5840722593837855,3.6818243002361246,5.486320218531446
15.312882882882885,4.587864593787724,3.685601753095858,5.490127434479589
15.332742742742743,4.591668895132641,3.689390782030837,5.4939470082344455
15.352602602602603,4.595485443354908,3.6931916642298694,5.497779222479948
15.372462462462464,4.599314518390893,3.6970046768637816,5.5016243599180035
15.392322322322324,4.603156400176964,3.700830097086815,5.505482703267113
15.412182182182184,4.60701136864949,3.70466820203787,5.509354535261109
15.432042042042044,4.61087970374484,3.708519268841618,5.513240138648062
15.451901901901904,4.614761685399384,3.712383574609471,5.517139796189297
15.471761761761764,4.618657593549492,3.716261396440407,5.521053790658577
15.491621621621624,4.62256770813153,3.7201530114216594,5.524982404841402
15.511481481481482,4.62649227158458,3.7240586591319835,5.528925884037177
15.531341341341342,4.6304313318852435,3.7279783846768715,5.532884279093615
15.551201201201202,4.63438487416386,3.7319121703050406,5.53685757802268
15.571061061061062,4.638352883519305,3.7358599982233587,5.5408457688152515
15.590920920920922,4.642335345050451,3.739821850628299,5.544848839472603
15.610780780780782,4.646332243856177,3.7437977097057975,5.548866778006557
15.630640640640642,4.650343565035356,3.7477875576309523,5.55289957243976
15.650500500500502,4.654369293686862,3.7517913765437267,5.556947210829998
15.670360360360363,4.658409414909574,3.755809148091796,5.561009681727352
15.690220220220223,4.662463913802363,3.759840853470374,5.565086974134353
15.71008008008008,4.666532775464106,3.763886473856598,5.569179077071615
15.729939939939941,4.670615984993683,3.7679459904294648,5.573285979557901
15.749799799799801,4.674713527489962,3.772019384372653,5.57740767060727
15.769659659659661,4.678825388051822,3.776106636877199,5.581544139226444
15.789519519519521,4.682951551778136,3.780207729143966,5.585695374412307
15.809379379379381,4.687092003767782,3.7843226423859653,5.589861365149599
15.829239239239241,4.6912467291196345,3.788451357686263,5.594042100553006
15.849099099099101,4.695415712932569,3.7925938555117176,5.59823757035342
15.868958958958961,4.69959894030546,3.7967501161781003,5.60244776443282
15.88881881881882,4.703796396337183,3.8009201200292,5.606672672645167
15.90867867867868,4.708008066126613,3.8051038474415897,5.610912284811636
15.92853853853854,4.712233934772624,3.8093012788291643,5.615166590716084
15.9483983983984,4.716473987374096,3.8135123946474447,5.619435580100747
15.96825825825826,4.7207282090299,3.8177371753976375,5.623719242662164
15.98811811811812,4.7249965848389115,3.82197560163048,5.628017568047343
16.00797797797798,4.729279099900008,3.826227653949849,5.632330545850167
16.02783783783784,4.733575739312063,3.830493313016123,5.6366581656080035
16.0476976976977,4.737886488173952,3.834772559549332,5.6410004167985734
16.067557557557556,4.742211331584552,3.8390653743320624,5.645357288837042
16.087417417417416,4.746550254642736,3.8433717382121326,5.64972877107334
16.107277277277277,4.750903242447381,3.8476916321050405,5.654114852789722
16.127137137137137,4.755270280097359,3.852025036996168,5.65851552319855
16.146996996996997,4.7596513526915505,3.856371933942777,5.662930771440324
16.166856856856857,4.7640464453288285,3.8607323040757366,5.66736058658192
16.186716716716717,4.768455543108066,3.865106128601049,5.671804957615084
16.206576576576577,4.77287863112814,3.869493388801136,5.676263873455144
16.226436436436437,4.777315694487927,3.8738940660358887,5.680737322939966
16.246296296296297,4.781766718286302,3.878308141743481,5.685225294829122
16.266156156156157,4.786231687622138,3.882735597440963,5.689727777803313
16.286016016016017,4.790710587594313,3.8871764147246175,5.694244760464008
16.305875875875877,4.7952034033016995,3.8916305752700775,5.698776231333321
16.325735735735737,4.7997101198431755,3.8960980608322267,5.703322178854124
16.345595595595597,4.804230722317615,3.9005788532448533,5.707882591390376
16.365455455455457,4.808765195823892,3.9050729344200796,5.712457457227705
16.385315315315317,4.813313525460885,3.909580286347565,5.7170467645742065
16.405175175175177,4.817875696327467,3.91410089109346,5.721650501561474
16.425035035035037,4.822451693522515,3.9186347307991545,5.7262686562458756
16.444894894894894,4.8270415021449,3.923181787679764,5.730901216610036
16.464754754754754,4.831645107293503,3.92774204402242,5.735548170564585
16.484614614614614,4.836262494067196,3.9323154821842934,5.740209505950098
16.504474474474474,4.840893647564855,3.936902084590412,5.744885210539299
16.524334334334334,4.845538552885356,3.941501833650018,5.749575272120693
16.544194194194194,4.8501971951275715,3.9461147110499395,5.754279679205204
16.564054054054054,4.854869559390379,3.9507406980763635,5.758998420704395
16.583913913913914,4.859555630772656,3.955379776037509,5.763731485507803
16.603773773773774,4.864255394373274,3.960031926269427,5.768478862477121
16.623633633633634,4.86896883529111,3.964697130137068,5.773240540445151
16.643493493493494,4.873695938625037,3.9693753690352147,5.77801650821486
16.663353353353354,4.878436689473935,3.9740666243893052,5.782806754558564
16.683213213213214,4.8831910729366745,3.9787708776561117,5.787611268217237
16.703073073073075,4.887959074112135,3.983488110324319,5.79243003789995
16.722932932932935,4.8927406780991864,3.9882183039149584,5.797263052283414
16.742792792792795,4.897535869996711,3.992961439981744,5.802110300011678
16.762652652652655,4.902344634903576,3.9977175001112473,5.806971769695905
16.782512512512515,4.907166957918664,4.002486465922996,5.811847449914331
16.802372372372375,4.912002824140847,4.007268319069406,5.816737329212288
16.82223223223223,4.916852218668999,4.012063041235613,5.821641396102385
16.84209209209209,4.921715126601999,4.016870614139187,5.826559639064811
16.86195195195195,4.926591533038717,4.021691019529695,5.83149204654774
16.88181181181181,4.931481423078034,4.026524239188179,5.836438606967889
16.90167167167167,4.9363847818188225,4.0313702549264745,5.84139930871117
16.92153153153153,4.941301594359957,4.0362290485864305,5.8463741401334834
16.94139139139139,4.946231845800314,4.041100602038998,5.85136308956163
16.96125125125125,4.9511755212387705,4.045984897183195,5.856366145294346
16.98111111111111,4.956132605774197,4.050881915944945,5.861383295603449
17.00097097097097,4.961103084505472,4.0557916402758085,5.866414528735136
17.020830830830832,4.966086942531471,4.060714052151573,5.87145983291137
17.040690690690692,4.97108416495107,4.065649133570728,5.876519196331412
17.060550550550552,4.976094736863141,4.070596866552822,5.88159260717346
17.080410410410412,4.981118643366562,4.07555723313669,5.886680053596434
17.100270270270272,4.986155869560208,4.080530215378564,5.891781523741852
17.120130130130132,4.9912064005429535,4.085515795350057,5.89689700573585
17.139989989989992,4.996270221413673,4.090513955136026,5.90202648769132
17.159849849849852,5.001347317271245,4.0955246768323175,5.907169957710172
17.17970970970971,5.00643767321454,4.100547942543382,5.9123274038856986
17.19956956956957,5.011541274342437,4.1055837343797785,5.9174988143050955
17.21942942942943,5.0166581057538115,4.110632034455547,5.922684177052076
17.23928928928929,5.021788152547538,4.11569282488546,5.9278834802096165
17.25914914914915,5.02693139982249,4.120766087782158,5.933096711862822
17.27900900900901,5.0320878326775444,4.125851805253166,5.938323860101923
17.29886886886887,5.037257436211576,4.1309499593977765,5.943564913025375
17.31872872872873,5.042440195523461,4.136060532303824,5.948819858743097
17.33858858858859,5.047636095712073,4.141183506044327,5.954088685379818
17.35844844844845,5.052845121876288,4.146318862674023,5.959371381078554
17.37830830830831,5.058067259114983,4.151466584225767,5.964667934004199
17.39816816816817,5.063302492527031,4.156626652706823,5.969978332347239
17.41802802802803,5.068550807211308,4.161799050095025,5.97530256432759
17.43788788788789,5.07381218826669,4.166983758334826,5.980640618198553
17.45774774774775,5.079086620792051,4.172180759333217,5.985992482250885
17.47760760760761,5.084374089886268,4.177390034955535,5.991358144817
17.49746746746747,5.089674580648214,4.182611567021147,5.996737594275282
17.51732732732733,5.094988078176767,4.187845337283854,6.00213081906968
17.53718718718719,5.100314567570799,4.193091326731643,6.007537808409955
17.55704704704705,5.105654033929188,4.198349515306531,6.0129585525518445
17.57690690690691,5.11100646235081,4.203619882845287,6.018393041856332
17.59676676676677,5.116371775790722,4.208902347015387,6.023841204566057
17.61662662662663,5.1217495612885635,4.214196489546963,6.029302633030164
17.636486486486486,5.127139292899734,4.219501779167405,6.034776806632063
17.656346346346346,5.132540444594968,4.224817684504223,6.040263204685712
17.676206206206206,5.1379524903449925,4.230143674172857,6.045761306517128
17.696066066066066,5.143374904120537,4.235479216779719,6.051270591461355
17.715925925925927,5.148807159892335,4.240823780925082,6.0567905388595875
17.735785785785787,5.154248731631115,4.246176835205839,6.062320628056391
17.755645645645647,5.159699093307606,4.251537848218141,6.067860338397071
17.775505505505507,5.165157718892539,4.256906288559891,6.073409149225187
17.795365365365367,5.170624082356645,4.262281624833121,6.078966539880169
17.815225225225227,5.176097657670652,4.26766332564622,6.084531989695083
17.835085085085087,5.181577918805291,4.273050859616053,6.09010497799453
17.854944944944947,5.187064339731291,4.278443695369924,6.095684984092659
17.874804804804807,5.192556394419385,4.283841301547434,6.101271487291336
17.894664664664667,5.198053556840301,4.289243146802187,6.106863966878414
17.914524524524527,5.203555300964768,4.294648699803374,6.112461902126163
17.934384384384387,5.209061100763518,4.300057429237227,6.1180647722898085
17.954244244244247,5.2145704302072815,4.305468803808345,6.123672056606218
17.974104104104107,5.220082763266786,4.310882292240872,6.129283234292701
17.993963963963967,5.225597573912764,4.316297363279574,6.134897784545954
18.013823823823824,5.231114336115944,4.321713485690758,6.14051518654113
18.033683683683684,5.2366325238470575,4.327130128263074,6.146134919431041
18.053543543543544,5.242151611076833,4.332546759808187,6.15175646234548
18.073403403403404,5.247671071776002,4.337962849161309,6.157379294390694
18.093263263263264,5.253190379915293,4.343377865181618,6.163002894648968
18.113123123123124,5.258709009465436,4.348791276752526,6.168626742178346
18.132982982982984,5.264226434397166,4.354202552781192,6.17425031601314
18.152842842842844,5.269742128681206,4.359611161914263,6.1798730954481496
18.172702702702704,5.2752555662882905,4.3650165721101875,6.185494560466394
18.192562562562564,5.280766221189148,4.370418251282592,6.1911141910957035
18.212422422422424,5.286273567354508,4.375815667422167,6.196731467286849
18.232282282282284,5.291777078755103,4.381208288600039,6.202345868910166
18.252142142142144,5.29727622936166,4.386595582970886,6.207956875752435
18.272002002002004,5.302770493144911,4.391977018775776,6.213563967514046
18.291861861861864,5.308259344075585,4.397352064344759,6.219166623806412
18.311721721721725,5.313742256124414,4.402720188099166,6.224764324149661
18.331581581581585,5.319218703262126,4.408080858553676,6.230356547970576
18.351441441441445,5.324688159459453,4.413433544318088,6.235942774600818
18.371301301301305,5.330150098687121,4.4187777140988445,6.241522483275398
18.39116116116116,5.335603994915864,4.424112836700297,6.247095153131432
18.41102102102102,5.341049322116412,4.429438381025685,6.252660263207138
18.43088088088088,5.346485554259495,4.434753816077874,6.258217292441115
18.45074074074074,5.3519121653158415,4.440058610959811,6.263765719671872
18.4706006006006,5.35732862925618,4.445352234874731,6.26930502363763
18.49046046046046,5.362734420051246,4.450634157126097,6.274834682976395
18.51032032032032,5.368129011671763,4.455903847117259,6.2803541762262665
18.53018018018018,5.3735118780884665,4.4611607741926145,6.285862981984319
18.55004004004004,5.378882493272085,4.466404407193093,6.291360579351077
18.5698998998999,5.384240331193348,4.471634214917813,6.296846447468884
18.58975975975976,5.389584865822985,4.476849666268823,6.302320065377147
18.60961961961962,5.394915571131726,4.482050230251703,6.307780912011749
18.629479479479482,5.400231921090304,4.487235375975891,6.313228466204717
18.649339339339342,5.405533389669445,4.492404572654716,6.3186622066841744
18.669199199199202,5.410819450839882,4.497557289605177,6.324081612074587
18.689059059059062,5.416089578572342,4.502692996247421,6.329486160897264
18.708918918918922,5.4213432468375595,4.507811162103965,6.334875331571154
18.728778778778782,5.426579929606261,4.512911256798618,6.3402486024139035
18.74863863863864,5.431799100849177,4.517992750055148,6.345605451643205
18.7684984984985,5.43700023453704,4.523055111695665,6.350945357378414
18.78835835835836,5.442182804640576,4.528097811638713,6.356267797642439
18.80821821821822,5.4473462851305205,4.533120319897121,6.3615722503639205
18.82807807807808,5.452490149977598,4.538122106575529,6.3668581933796675
18.84793793793794,5.457613873152542,4.5431026418677,6.372125104437384
18.8677977977978,5.462716928626081,4.548061396053496,6.377372461198666
18.88765765765766,5.4677987903689464,4.552997839495627,6.382599741242266
18.90751751751752,5.472858932351867,4.557911442636096,6.387806422067639
18.92737737737738,5.477896828545575,4.5628016759923895,6.39299198109876
18.94723723723724,5.482911952920797,4.567668010153378,6.398155895688216
18.9670970970971,5.487903779448265,4.572509915774964,6.403297643121567
18.98695695695696,5.49287178209871,4.577326863575436,6.408416700621984
19.00681681681682,5.49781543484286,4.582118324330567,6.413512545355152
19.02667667667668,5.502734211651448,4.586883768868436,6.41858465443446
19.04653653653654,5.507627586495201,4.59162266806397,6.423632504926433
19.0663963963964,5.51249503334485,4.596334492833228,6.428655573856472
19.08625625625626,5.517336026171126,4.601018714127418,6.4336533382148335
19.10611611611612,5.522150038944757,4.605674802800868,6.438625275088645
19.125975975975976,5.526936545636476,4.6103022288221975,6.443570862450754
19.145835835835836,5.531695020217011,4.614900461746635,6.448489578687387
19.165695695695696,5.536424936657093,4.619468971095175,6.45338090221901
19.185555555555556,5.541125768927452,4.624007226355391,6.458244311499512
19.205415415415416,5.545796990998817,4.628514696980621,6.463079285017014
19.225275275275276,5.550438076841918,4.6329908523890735,6.467885301294763
19.245135135135136,5.555048500427488,4.6374351619628875,6.472661838892089
19.264994994994996,5.559627735726254,4.641847095047088,6.47740837640542
19.284854854854856,5.564175256708947,4.646226120948506,6.482124392469388
19.304714714714716,5.568690537346298,4.650571708934608,6.486809365757988
19.324574574574577,5.573173051609036,4.654883328232263,6.491462774985809
19.344434434434437,5.57762227346789,4.659160448026444,6.496084098909336
19.364294294294297,5.582037676893593,4.663402537458858,6.500672816328328
19.384154154154157,5.58641873855586,4.667609068325487,6.505228408786233
19.404014014014017,5.590765217596657,4.671779794848348,6.509750640344967
19.423873873873877,5.595077399507337,4.675914997551056,6.514239801463619
19.443733733733737,5.5993556272591976,4.680015014387733,6.518696240130662
19.463593593593597,5.603600243823543,4.68408018326136,6.523120304385726
19.483453453453453,5.607811592171671,4.688110842021983,6.527512342321359
19.503313313313313,5.611990015274885,4.692107328464878,6.5318727020848915
19.523173173173173,5.616135856104487,4.696069980328628,6.536201731880346
19.543033033033034,5.620249457631778,4.699999135293136,6.54049977997042
19.562892892892894,5.624331162828057,4.70389513097758,6.544767194678533
19.582752752752754,5.628381314664628,4.707758304938298,6.549004324390958
19.602612612612614,5.632400256112789,4.711588994666594,6.553211517558984
19.622472472472474,5.636388330143843,4.715387537507988,6.557389122779698
19.642332332332334,5.640345879729093,4.719154269685256,6.56153748977293
19.662192192192194,5.644273247839837,4.722889526600972,6.5656569690787014
19.682052052052054,5.648170777447377,4.726593643581465,6.569747911313289
19.701911911911914,5.652038811523016,4.730266955900823,6.573810667145209
19.721771771771774,5.655877693038052,4.73390979878849,6.577845587287614
19.741631631631634,5.659687764963789,4.737522507436786,6.581853022490792
19.761491491491494,5.663469370271528,4.741105417008309,6.5858333235347475
19.781351351351354,5.6672228519325705,4.74465886264325,6.5897868412218905
19.801211211211214,5.670948552918214,4.7481831794666185,6.59371392636981
19.821071071071074,5.674646816199763,4.751678702595363,6.597614929804163
19.840930930930934,5.678317984748519,4.755145767145407,6.601490202351631
19.86079079079079,5.681962401535782,4.758584708238569,6.605340094832995
19.88065065065065,5.685580409532852,4.76199586100941,6.609164958056294
19.90051051051051,5.689172351711035,4.765379560611973,6.612965142810096
19.92037037037037,5.692738571041625,4.768736142226417,6.616740999856833
19.94023023023023,5.6962794104959285,4.772065941065581,6.620492879926276
19.96009009009009,5.699795213045245,4.775369292381425,6.6242211337090655
19.97994994994995,5.703286321660877,4.7786465314713915,6.627926111850362
19.99980980980981,5.706753079314122,4.781897993684657,6.631608164943588
20.01966966966967,5.710195828976287,4.785124014428311,6.635267643524264
20.03952952952953,5.713614913618667,4.788324929173399,6.6389048980639345
20.05938938938939,5.717010676212569,4.791501073460919,6.642520278964218
20.07924924924925,5.7203834597292875,4.7946527829076695,6.6461141365509055
20.09910910910911,5.723733607140131,4.79778039321205,6.6496868210682125
20.11896896896897,5.727061461416396,4.800884240159717,6.6532386826730745
20.13882882882883,5.730367365529386,4.803964659629191,6.65677007142958
20.15868868868869,5.733651662450398,4.807021987597319,6.660281337303476
20.17854854854855,5.736914695150739,4.810056560144692,6.663772830156787
20.19840840840841,5.740156806601705,4.813068713460906,6.667244899742505
20.21826826826827,5.743378339774601,4.816058783849786,6.6706978956994165
20.238128128128128,5.746579637640727,4.819027107734468,6.674132167546987
20.25798798798799,5.749761043171384,4.821974021662404,6.677548064680364
20.27784784784785,5.752922899337873,4.824899862310273,6.6809459363654735
20.29770770770771,5.756065549111495,4.827804966488779,6.6843261317342115
20.31756756756757,5.759189335463553,4.830689671147372,6.687688999779734
20.33742742742743,5.762294601365346,4.83355431337885,6.691034889351841
20.35728728728729,5.765381689788175,4.836399230423886,6.694364149152463
20.37714714714715,5.768450943703343,4.839224759675443,6.697677127731242
20.39700700700701,5.771502706082151,4.842031238683094,6.700974173481208
20.41686686686687,5.774537319895899,4.844819005157247,6.70425563463455
20.43672672672673,5.777555128115887,4.847588396973279,6.707521859258495
20.45658658658659,5.780556473713419,4.850339752175559,6.71077319525128
20.47644644644645,5.783541699659796,4.853073408981388,6.714009990338205
20.49630630630631,5.786511148926318,4.855789705784827,6.71723259206781
20.51616616616617,5.7894651644842865,4.858488981160445,6.720441347808128
20.53602602602603,5.792404089305003,4.861171573866955,6.72363660474305
20.55588588588589,5.795328266359767,4.863837822850764,6.72681870986877
20.57574574574575,5.798238038619882,4.866488067249416,6.729988009990348
20.595605605605606,5.801133749056648,4.8691226463949455,6.73314485171835
20.615465465465466,5.804015740641366,4.87174189981713,6.736289581465601
20.635325325325326,5.806884356345337,4.8743461672466495,6.739422545444025
20.655185185185186,5.809739939139865,4.876935788618147,6.742544089661583
20.675045045045046,5.812582831996247,4.879511104073185,6.745654559919309
20.694904904904906,5.815413377885788,4.882072453963121,6.748754301808455
20.714764764764766,5.818231919779786,4.88462017885187,6.751843660707701
20.734624624624626,5.821038800649544,4.8871546195185855,6.754922981780502
20.754484484484486,5.8238343634663625,4.889676116960228,6.757992609972497
20.774344344344346,5.826618951201544,4.892185012394049,6.761052890009039
20.794204204204206,5.829392906826387,4.894681647259974,6.7641041663928
20.814064064064066,5.832156573312195,4.897166363222894,6.767146783401497
20.833923923923926,5.834910293630269,4.899639502174851,6.770181085085688
20.853783783783786,5.837654410751909,4.902101406237134,6.7732074152666835
20.873643643643646,5.840389267648417,4.904552417762284,6.77622611753455
20.893503503503506,5.843115207291095,4.90699287933599,6.7792375352461995
20.913363363363366,5.845832572651242,4.9094231337789,6.782242011523583
20.933223223223226,5.848541706700161,4.911843524148338,6.785239889251983
20.953083083083087,5.8512429524091525,4.914254393739911,6.788231511078394
20.972942942942943,5.853936652749517,4.916656086088657,6.791217219410377
20.992802802802803,5.856623150692558,4.91904894479441,6.794197356590706
21.012662662662663,5.859302789209574,4.921433313234704,6.797172265184443
21.032522522522523,5.861975911271868,4.923809534937819,6.800142287605917
21.052382382382383,5.864642859850741,4.926177953655726,6.8031077660457555
21.072242242242243,5.8673039779174925,4.928538913365395,6.8060690424695895
21.092102102102103,5.869959608443426,4.9308927582699855,6.8090264586168665
21.111961961961963,5.872610094399841,4.93323983279991,6.811980355999771
21.131821821821823,5.875255778758042,4.935580481613808,6.814931075902276
21.151681681681684,5.877897004489324,4.937915049599369,6.8178789593792795
21.171541541541544,5.880534114564994,4.940243881874092,6.820824347255896
21.191401401401404,5.883167451956349,4.94256732378588,6.823767580126818
21.211261261261264,5.885797359634694,4.944885720913565,6.826708998355823
21.231121121121124,5.888424180571327,4.94719941906725,6.829648942075405
21.250980980980984,5.891048257737551,4.9495087640695905,6.832587751405511
21.270840840840844,5.8936699341046666,4.951814101202282,6.835525767007051
21.290700700700704,5.896289552643975,4.9541157757389485,6.838463329549002
21.310560560560564,5.898907456326778,4.956414133095008,6.841400779558548
21.330420420420424,5.901523988124374,4.958709518827644,6.844338457421105
21.35028028028028,5.90413949100807,4.961002278635732,6.847276703380407
21.37014014014014,5.906754307949162,4.9632927583597,6.850215857538623
21.39,5.9093687819189515,4.965581303981363,6.85315625985654
