rt_source,rt_target_predicted,ci_lower,ci_upper
2.22,0.44645688257368266,-0.32338157057588846,1.2162953357232538
2.248678678678679,0.45574171223969634,-0.31343558714779157,1.2249190116271842
2.2773573573573573,0.46501825804384006,-0.30353475784063727,1.2335712739283173
2.306036036036036,0.47427823612424413,-0.29368748614493534,1.2422439583934235
2.334714714714715,0.4835133626190386,-0.2839021507985911,1.2509288760366684
2.3633933933933937,0.4927153536663536,-0.2741871056896242,1.2596178130223314
2.3920720720720725,0.5018759254043192,-0.26455067979372227,1.2683025306023608
2.420750750750751,0.5109867939710653,-0.2550011772300269,1.2769747651721575
2.4494294294294296,0.5200396755047229,-0.24554688017674509,1.2856262311861908
2.4781081081081084,0.5290262861434211,-0.2361960462605588,1.294248618547401
2.506786786786787,0.5379383420252903,-0.2269569016198586,1.3028335856704394
2.5354654654654656,0.5467675592884612,-0.21783764062680322,1.3113727592037256
2.5641441441441444,0.5555056540710631,-0.2088464263622576,1.3198577345043838
2.592822822822823,0.5641443425112271,-0.19999139100581365,1.328280076028268
2.621501501501502,0.5726755487048452,-0.19128042943907564,1.336631526848766
2.6501801801801803,0.5810956129846783,-0.18271699479208148,1.344908220761438
2.678858858858859,0.5894050972756814,-0.17430029963808924,1.353110494189452
2.707537537537538,0.597604732506844,-0.16602937536540663,1.3612388403790945
2.7362162162162162,0.605695249607154,-0.15790324766049746,1.3692937468748054
2.764894894894895,0.6136773795055996,-0.14992093457535416,1.3772756935865536
2.793573573573574,0.6215518531311709,-0.14208144625418817,1.38518515251653
2.8222522522522526,0.6293194014128548,-0.1343837850578562,1.3930225878835658
2.8509309309309314,0.6369807552796406,-0.1268269456932949,1.400788456252576
2.8796096096096098,0.6445366456605163,-0.11940991534772827,1.4084832066687607
2.9082882882882886,0.6519878034844706,-0.1121316738274225,1.4161072807963637
2.9369669669669674,0.6593349596804925,-0.10499119370077203,1.423661113061757
2.9656456456456457,0.6665788451775703,-0.09798744044542962,1.4311451308005703
2.9943243243243245,0.673720190904692,-0.09111937259930292,1.438559754408687
3.0230030030030033,0.6807597277908468,-0.08438594191518167,1.4459053974968752
3.051681681681682,0.6876981867650224,-0.07778609351860821,1.453182467048653
3.080360360360361,0.6945362987562086,-0.0713187660689617,1.4603913635813788
3.109039039039039,0.7012747946933922,-0.06498289192331463,1.467532481310099
3.137717717717718,0.7079144055055634,-0.05877739730295728,1.474606208314084
3.166396396396397,0.7144558621217098,-0.05270120246220311,1.4816129267056226
3.195075075075075,0.7208998954708196,-0.04675322185933439,1.4885530128009736
3.223753753753754,0.7272472364818824,-0.04093236432940128,1.495426837293166
3.2524324324324327,0.7334986160838853,-0.03523753325861756,1.5022347654263881
3.2811111111111115,0.7396547652058192,-0.02966762676011958,1.508977157171758
3.3097897897897903,0.7457164147766694,-0.024221537850854236,1.515654367404193
3.3384684684684687,0.7516842957254275,-0.018898154629339414,1.5222667460801944
3.3671471471471475,0.757559138981079,-0.013696360454095058,1.5288146384162529
3.3958258258258263,0.7633416754726152,-0.008615034122492982,1.5352983850677235
3.4245045045045046,0.7690326361290237,-0.003653050049763129,1.5417183223078106
3.4531831831831834,0.7746327518792924,0.0011907215519021408,1.5480747822066827
3.481861861861862,0.7801427536524099,0.005917414494600481,1.5543680928102193
3.510540540540541,0.7855633723773656,0.010528166436381103,1.5605985783183502
3.53921921921922,0.7908953389831466,0.015024118703462208,1.566766559262831
3.567897897897898,0.7961393843987428,0.01940641611333427,1.5728723526841513
3.596576576576577,0.8012962395531416,0.02367620679890714,1.578916272307376
3.6252552552552557,0.8063666353753323,0.027834642033811696,1.5848986287168527
3.653933933933934,0.8113513027943033,0.031882876059069476,1.5908197295295372
3.682612612612613,0.8162509727390432,0.035822065911246814,1.5966798795668398
3.7112912912912916,0.8210663761385402,0.03965337125240975,1.6024793810246707
3.7399699699699704,0.8257982439217829,0.04337795420181911,1.6082185336417467
3.7686486486486492,0.8304473070177596,0.04699697916958645,1.6138976348659329
3.7973273273273276,0.8350142963554592,0.05051161269250459,1.619516980018414
3.8260060060060064,0.8394999428638703,0.05392302327205667,1.625076862455684
3.854684684684685,0.8439049774719817,0.057232381214837647,1.6305775737291257
3.8833633633633635,0.8482301311087802,0.06044085847528036,1.6360194037422802
3.9120420420420423,0.8524761347032566,0.06354962850113999,1.641402640905373
3.940720720720721,0.8566437191843975,0.066559866081487,1.646727572287308
3.9693993993994,0.8607336154811922,0.06947274719749197,1.6519944837648923
3.9980780780780787,0.8647465545226308,0.072289448875972,1.6572036601692897
4.0267567567567575,0.868683267237699,0.07501114904587647,1.6623553854295214
4.055435435435436,0.8725444845553875,0.0776390263977409,1.667449942713034
4.084114114114115,0.8763309374046827,0.08017426024604235,1.6724876145633232
4.112792792792793,0.880043356714575,0.08261803039467164,1.6774686830344785
4.141471471471472,0.8836824734140533,0.08497151700552474,1.6823934298225818
4.170150150150151,0.8872490184321031,0.08723590047013952,1.6872621363940667
4.198828828828829,0.8907437226977165,0.08941236128459351,1.6920750841108396
4.227507507507507,0.8941673171398803,0.09150207992747972,1.6968325543522809
4.256186186186186,0.8975205326875828,0.09350623674113401,1.7015348286340317
4.284864864864865,0.900804100269813,0.0954260118161,1.7061821887235258
4.313543543543544,0.9040187508155587,0.09726258487870121,1.7107749167524162
4.342222222222222,0.9071652152538098,0.09901713518194721,1.7153132953256724
4.370900900900901,0.910244224513554,0.1006908413995874,1.7197976076275205
4.39957957957958,0.9132565095237795,0.10228488152336801,1.7242281375241908
4.428258258258259,0.9162028012134755,0.10380043276344397,1.7286051696635072
4.456936936936938,0.9190838305116301,0.10523867145201504,1.7329289895712452
4.485615615615616,0.9219003283472321,0.10660077295011705,1.7371998837443472
4.514294294294295,0.924653025649269,0.10788791155743316,1.7414181397411048
4.542972972972974,0.9273426533467312,0.10910126042525514,1.745584046268207
4.571651651651653,0.9299699423686056,0.11024199147250324,1.749697893264708
4.600330330330331,0.932535623643881,0.11131127530475537,1.7537599719830066
4.6290090090090095,0.9350404281015466,0.11231028113624653,1.7577705750668469
4.657687687687688,0.9374850866705908,0.11324017671475806,1.7617299966264235
4.686366366366366,0.9398703302800016,0.11410212824946753,1.7656385323105357
4.715045045045045,0.9421968898587675,0.11489730034160905,1.7694964793759258
4.743723723723724,0.9444654963358775,0.11562685591786437,1.7733041367538906
4.7724024024024025,0.9466768806403202,0.11629195616658727,1.777061805114053
4.801081081081081,0.9488317737010834,0.11689376047667321,1.7807697869254935
4.82975975975976,0.9509309064471557,0.11743342637903886,1.7844283865152726
4.858438438438439,0.9529750098075259,0.1179121094906399,1.788037910124412
4.887117117117118,0.9549648147111826,0.1183309634611176,1.7915986659612475
4.9157957957957965,0.9569010520871151,0.11869113992181202,1.7951109642524181
4.944474474474475,0.9587844528643106,0.11899378843718023,1.798575117291441
4.973153153153154,0.960615747971759,0.1192400564585605,1.8019914394849574
5.001831831831833,0.9623956683384459,0.11943108928018042,1.8053602473967114
5.030510510510512,0.9641249448933636,0.11956802999750593,1.8086818597892214
5.05918918918919,0.9658043085654985,0.11965201946753945,1.8119565976634575
5.087867867867868,0.967434490283839,0.11968419627132054,1.8151847842963575
5.116546546546547,0.9690162209773745,0.11968419627132054,1.818366745276257
5.145225225225225,0.9705502315750932,0.11968419627132054,1.8215028085364595
5.173903903903904,0.972037253005984,0.11968419627132054,1.8245933043868363
5.202582582582583,0.9734780161990344,0.11968419627132054,1.8276385655436609
5.2312612612612615,0.9748732520832333,0.11968419627132054,1.8306389271575605
5.25993993993994,0.9762236915875696,0.11968419627132054,1.8335947268398116
5.288618618618619,0.9775300656410314,0.11968419627132054,1.836506304687068
5.317297297297298,0.9787931051726079,0.11968419627132054,1.8393740033043635
5.345975975975977,0.9800135411112868,0.11968419627132054,1.8421981678265817
5.374654654654655,0.9811921043860566,0.11968419627132054,1.8449791459385954
5.403333333333334,0.9823295259259072,0.11968419627132054,1.847717287893857
5.432012012012013,0.9834265366598258,0.11968419627132054,1.8504129465317136
5.460690690690692,0.9844838675168007,0.11968419627132054,1.8530664772933512
5.489369369369371,0.9855022494258204,0.11968419627132054,1.8556782382365418
5.5180480480480485,0.9864824133158749,0.11968419627132054,1.8582485900492909
5.546726726726727,0.9874250901159516,0.11968419627132054,1.860777896062189
5.575405405405406,0.9883310107550399,0.11968419627132054,1.8632665222597744
5.604084084084084,0.9892009061621261,0.11968419627132054,1.865714837290913
5.632762762762763,0.9900355072662013,0.11968419627132054,1.868123212478195
5.661441441441442,0.9908355449962533,0.11968419627132054,1.8704920218262928
5.69012012012012,0.991601750281269,0.11968419627132054,1.872821642029641
5.718798798798799,0.992334854050239,0.11968419627132054,1.8751124524791725
5.747477477477478,0.9930355872321518,0.11968419627132054,1.8773648352683532
5.776156156156157,0.9937046807559944,0.11968419627132054,1.8795791751984374
5.8048348348348355,0.9943428655507555,0.11968419627132054,1.8817558597830533
5.833513513513514,0.9949508725454242,0.11968419627132054,1.8838952792522874
5.862192192192193,0.9955294326689893,0.11968419627132054,1.8859978265560124
5.890870870870872,0.9960792768504386,0.11968419627132054,1.8880638973667467
5.919549549549551,0.9966011360187619,0.11968419627132054,1.8900938900820559
5.9482282282282295,0.9970957411029463,0.11968419627132054,1.8920882058264956
5.976906906906907,0.9975638230319804,0.11968419627132054,1.8940472484530362
6.005585585585586,0.9980061127348541,0.11968419627132054,1.8959714245442578
6.034264264264265,0.9984233411405542,0.11968419627132054,1.8978611434131598
6.062942942942943,0.99881623917807,0.11968419627132054,1.8997168171035845
6.091621621621622,0.999185537776391,0.11968419627132054,1.9015388603905894
6.1203003003003005,0.9995319678645036,0.11968419627132054,1.903327690780326
6.148978978978979,0.9998562603713987,0.11968419627132054,1.9050837285100446
6.177657657657658,1.0001591462260624,0.11968419627132054,1.9068073965476677
6.206336336336337,1.0004413563574852,0.11968419627132054,1.9084991205914164
6.235015015015016,1.0007036216946537,0.11968419627132054,1.9101593290692986
6.2636936936936944,1.0009466731665593,0.11968419627132054,1.9117884531385934
6.292372372372373,1.0011712417021874,0.11968419627132054,1.913386926685233
6.321051051051052,1.0013780582305278,0.11968419627132054,1.9149551863233047
6.349729729729731,1.0015678536805699,0.11968419627132054,1.916493671394459
6.37840840840841,1.0017413589813013,0.11968419627132054,1.9180028239676048
6.407087087087088,1.0018993050617095,0.11968419627132054,1.919483088838487
6.435765765765767,1.002042422850785,0.11968419627132054,1.9209349135295106
6.464444444444446,1.0021714432775162,0.11968419627132054,1.9223587482897404
6.493123123123123,1.0022870972708902,0.11968419627132054,1.9237550460950632
6.521801801801802,1.0023901157598958,0.11968419627132054,1.9251242626485374
6.550480480480481,1.002481229673522,0.11968419627132054,1.9264668563810103
6.579159159159159,1.0025611699407584,0.11968419627132054,1.9277832884520472
6.607837837837838,1.0026306674905905,0.11968419627132054,1.929074022751097
6.636516516516517,1.0026904532520098,0.11968419627132054,1.9303395258990075
6.665195195195196,1.0027412581540032,0.11968419627132054,1.9315802672498432
6.693873873873875,1.00278381312556,0.11968419627132054,1.9327967188931707
6.722552552552553,1.0028188490956678,0.11968419627132054,1.9339893556566565
6.751231231231232,1.0028470969933168,0.11968419627132054,1.9351586551090803
6.779909909909911,1.0028692877474947,0.11968419627132054,1.9363050975638496
6.80858858858859,1.0028861522871888,0.11968419627132054,1.9374291660829208
6.8372672672672685,1.002898421541389,0.11968419627132054,1.9385313464812932
6.865945945945947,1.002906826439082,0.11968419627132054,1.939612127331877
6.894624624624626,1.0029120979092603,0.11968419627132054,1.9406719999710336
6.923303303303305,1.0029149668809085,0.11968419627132054,1.9417114585046347
6.951981981981982,1.0029161642830156,0.11968419627132054,1.9427309998146587
6.980660660660661,1.0029164210445727,0.11968419627132054,1.943731123566387
7.0093393393393395,1.0029164680945644,0.11968419627132054,1.9447123322163398
7.038018018018018,1.0029170363619833,0.11968419627132054,1.945675131020713
7.066696696696697,1.0029188567758158,0.11968419627132054,1.9466200280446082
7.095375375375376,1.0029226602650503,0.11968419627132054,1.947547534171798
7.124054054054055,1.0029291777586768,0.11968419627132054,1.948458163115454
7.1527327327327335,1.0029391401856804,0.11968419627132054,1.9493524314293456
7.181411411411412,1.0029532784750537,0.11968419627132054,1.9502308585199684
7.210090090090091,1.0029723235557817,0.11968419627132054,1.9510939666593967
7.23876876876877,1.0029970063568565,0.11968419627132054,1.9519422809989928
7.267447447447449,1.0030280578072646,0.11968419627132054,1.9527763295838623
7.296126126126127,1.003066208835994,0.11968419627132054,1.9535966433681904
7.324804804804806,1.003112190372034,0.11968419627132054,1.954403756231529
7.353483483483485,1.003166733344374,0.11968419627132054,1.9551982049958936
7.382162162162164,1.0032305686819996,0.11968419627132054,1.9559805294437922
7.410840840840841,1.003304427313903,0.11968419627132054,1.9567512723372755
7.43951951951952,1.00338904016907,0.11968419627132054,1.9575109794378414
7.468198198198198,1.0034851381764904,0.11968419627132054,1.9582601995274862
7.496876876876877,1.003593452265152,0.11968419627132054,1.9589994844306213
7.525555555555556,1.003714713364044,0.11968419627132054,1.9597293890371479
7.554234234234235,1.003849652402155,0.11968419627132054,1.960450471326567
7.582912912912914,1.0039990003084733,0.11968419627132054,1.961163292393211
7.611591591591592,1.0041634880119872,0.11968419627132054,1.9618684164725464
7.640270270270271,1.0043438464416852,0.11968419627132054,1.962566410968712
7.66894894894895,1.004540806526556,0.11968419627132054,1.9632578464831911
7.697627627627629,1.0047550991955865,0.11968419627132054,1.9639432968447212
7.7263063063063075,1.0049874553777685,0.11968419627132054,1.9646233391403876
7.754984984984986,1.0052386060020886,0.11968419627132054,1.9652985537480894
7.783663663663665,1.005509281997535,0.11968419627132054,1.9659695243702233
7.812342342342344,1.005800214293096,0.11968419627132054,1.9666368380687551
7.841021021021023,1.006112133817762,0.11968419627132054,1.9673010853015866
7.8696996996997,1.0064457715005202,0.11968419627132054,1.9679628599604122
7.8983783783783785,1.0068018582703584,0.11968419627132054,1.9686227594099617
7.927057057057057,1.0071811250562681,0.11968419627132054,1.9692813845286736
7.955735735735736,1.007584302787234,0.11968419627132054,1.9699393397509262
7.984414414414415,1.0080121223922462,0.11968419627132054,1.9705972331108104
8.013093093093094,1.0084653148002938,0.11968419627132054,1.9712556762874254
8.041771771771772,1.0089446109403648,0.11968419627132054,1.9719152846517853
8.070450450450451,1.009450741741448,0.11968419627132054,1.9725766773154607
8.09912912912913,1.009984438132531,0.11968419627132054,1.973240477180818
8.127807807807809,1.010546431042605,0.11968419627132054,1.9739073109930128
8.156486486486488,1.0111374514006537,0.11968419627132054,1.9745778093937774
8.185165165165166,1.0117582301356696,0.11968419627132054,1.9752526069770129
8.213843843843845,1.0124094981766407,0.11968419627132054,1.9759323423462092
8.242522522522524,1.013091986452554,0.11968419627132054,1.9766176581738386
8.271201201201203,1.0138064258923996,0.11968419627132054,1.9773092012625877
8.299879879879882,1.014553547425164,0.11968419627132054,1.9780076226086873
8.328558558558559,1.0153340819798387,0.11968419627132054,1.9787135774672504
8.357237237237237,1.0161487604854098,0.11968419627132054,1.979427725419656
8.385915915915916,1.0169983138708665,0.11968419627132054,1.9801507304431556
8.414594594594595,1.0178834730651978,0.11968419627132054,1.9808832609826168
8.443273273273274,1.0188049689973917,0.11968419627132054,1.981625990024543
8.471951951951953,1.0197635325964367,0.11968419627132054,1.9823795951733532
8.500630630630631,1.020759894791321,0.11968419627132054,1.9831447587300999
8.52930930930931,1.021794786511034,0.11968419627132054,1.9839221677735042
8.557987987987989,1.0228689386845642,0.11968419627132054,1.984712514243538
8.586666666666668,1.0239830822408986,0.11968419627132054,1.9855164950275226
8.615345345345347,1.0251379481090277,0.11968419627132054,1.9863348120487707
8.644024024024025,1.0263342672179385,0.11968419627132054,1.9871681723579608
8.672702702702704,1.0275727704966213,0.11968419627132054,1.9880172882271894
8.701381381381383,1.028854188874062,0.11968419627132054,1.9888828772468092
8.730060060060062,1.0301792532792526,0.11968419627132054,1.9897656624251308
8.75873873873874,1.0315486946411783,0.11968419627132054,1.9906663722910425
8.787417417417418,1.0329632438888274,0.11968419627132054,1.9915857409996263
8.816096096096096,1.0344236319511921,0.11968419627132054,1.992524508440824
8.844774774774775,1.0359305897572584,0.11968419627132054,1.993483420351247
8.873453453453454,1.037484848236015,0.11968419627132054,1.9944632284291974
8.902132132132133,1.0390871383164502,0.11968419627132054,1.995464690452982
8.930810810810812,1.0407381909275533,0.11968419627132054,1.9964885704025628
8.95948948948949,1.0424387369983128,0.11968419627132054,1.9975356385846732
8.988168168168169,1.0441895074577168,0.11968419627132054,1.9986066717614501
9.016846846846848,1.045991233234753,0.11968419627132054,1.9997024532826675
9.045525525525527,1.047844645258411,0.11968419627132054,2.0008237732216574
9.074204204204205,1.0497504744576795,0.11968419627132054,2.001971428514999
9.102882882882884,1.0517094517615462,0.11968419627132054,2.0031462231060537
9.131561561561563,1.0537223080990008,0.11968419627132054,2.0043489680924784
9.160240240240242,1.055789774399031,0.11968419627132054,2.0055804818777
9.18891891891892,1.0579125815906247,0.11968419627132054,2.006841590326613
9.2175975975976,1.0600914606027723,0.11968419627132054,2.0081331269253733
9.246276276276276,1.062327142364459,0.11968419627132054,2.009455932945582
9.274954954954955,1.0646203578046767,0.11968419627132054,2.010810857612798
9.303633633633634,1.0669718378524125,0.12174491742525284,2.012198758279572
9.332312312312313,1.0693823134366554,0.12514412627025573,2.013620500603055
9.360990990990992,1.0718525154863932,0.1286280722455323,2.015076958727254
9.38966966966967,1.074383174930615,0.13219733439114056,2.0165690154700893
9.41834834834835,1.0769750226983088,0.13585248288134855,2.018097562515269
9.447027027027028,1.0796287897184638,0.1395940788277712,2.0196635006091563
9.475705705705707,1.0823452069200679,0.14342267407749354,2.021267739762642
9.504384384384386,1.0851250052321102,0.14733881100600876,2.0229111994582114
9.533063063063064,1.0879689155835786,0.15134302230499308,2.024594808862164
9.561741741741743,1.090877668903462,0.15543583076466383,2.02631950704226
9.590420420420422,1.093851996120749,0.15961774905082582,2.028086243190672
9.6190990990991,1.0968926281644271,0.16388927947633058,2.0298959768525235
9.64777777777778,1.1000002959634865,0.16825091376699441,2.0317496781599784
9.676456456456458,1.1031757304469152,0.17270313282183947,2.033648328071991
9.705135135135135,1.1064196625437004,0.1772464064675554,2.0355929186198454
9.733813813813814,1.109732823182833,0.1818811932071407,2.037584453158525
9.762492492492493,1.113115943293299,0.186607939962656,2.039623946623942
9.791171171171172,1.1165697538040884,0.1914270818119579,2.041712425796219
9.81984984984985,1.1200949856441895,0.19633904171941818,2.043850929568961
9.84852852852853,1.1236923697425902,0.20134423026053094,2.0460405092246496
9.877207207207208,1.1273626370282799,0.20644304534033708,2.048282228716223
9.905885885885887,1.1311065184302465,0.21163587190567457,2.0505771649548183
9.934564564564566,1.1349247448774795,0.2169230816511336,2.0529264081038257
9.963243243243245,1.1388180472989657,0.2223050327187689,2.0553310618791625
9.991921921921923,1.1427871566236951,0.2277820693914665,2.057792243855924
10.020600600600602,1.1468328037806552,0.2333545217800106,2.0603110857813
10.049279279279281,1.1509557196988356,0.23902270550379767,2.0628887338938737
10.07795795795796,1.1551566353072245,0.24478692136525926,2.0655263492491898
10.106636636636638,1.1594362815348094,0.25064745501793895,2.0682251080516796
10.135315315315317,1.1637953893105804,0.25660457662834524,2.0709862019928154
10.163993993993994,1.1682346895635238,0.26265854053154203,2.073810838595506
10.192672672672673,1.1727549132226305,0.2688095848806302,2.0767002415646307
10.221351351351354,1.1773567912168885,0.27505793129009104,2.079655651143686
10.25003003003003,1.1820410544752846,0.28140378447322245,2.082678324477347
10.27870870870871,1.1868084339268097,0.2878473318736777,2.0857695359799417
10.307387387387388,1.1916596605004504,0.2943887432913125,2.088930577709588
10.336066066066067,1.196595465125196,0.3010281705024831,2.092162759747909
10.364744744744746,1.201616578730036,0.3077657468750089,2.095467410585063
10.393423423423425,1.206723732243957,0.31460158697797447,2.0988458775099397
10.422102102102103,1.2119176565959489,0.32153578618668455,2.102299527005213
10.450780780780782,1.2171990827149994,0.32856842028295963,2.105829745147039
10.479459459459461,1.2225687415300976,0.33569954505121025,2.109437938008985
10.50813813813814,1.2280273639702317,0.34292919587049175,2.113125532069972
10.536816816816819,1.2335756809643905,0.35025738730303,2.116893974625751
10.565495495495497,1.2392144234415619,0.3576841126796063,2.1207447342035173
10.594174174174176,1.2449443223307357,0.36520934368224767,2.1246793009792238
10.622852852852855,1.2507661085608994,0.37283302992474965,2.128699187197049
10.651531531531534,1.256680513061041,0.3805550985315903,2.132805927590492
10.680210210210213,1.2626882667601502,0.3883754537158324,2.137001079804468
10.708888888888891,1.2687901005872149,0.396293976356654,2.141286224817776
10.737567567567568,1.2749867454712236,0.4043105235772422,2.145662967365205
10.766246246246247,1.2812789323411646,0.4124249283238022,2.150132936358527
10.794924924924926,1.287667392126028,0.42063699894650874,2.1546977853055473
10.823603603603605,1.294152855754801,0.42894651878328205,2.15935919272632
10.852282282282284,1.3007360541564716,0.43735324053356617,2.164118867779377
10.880960960960962,1.3074177182600288,0.44585672251144826,2.1689787140086096
10.909639639639641,1.314198578994462,0.45445631220968785,2.173940845779236
10.93831831831832,1.321079367288758,0.46315135200855695,2.179007382568959
10.966996996996999,1.3280608140719068,0.47194119277336055,2.184180435370453
10.995675675675677,1.3351436502728962,0.4808251948060165,2.189462105739776
11.024354354354356,1.3423286068207154,0.489802728805222,2.194854484836209
11.053033033033035,1.349616414644352,0.4988731768345862,2.2003596524541176
11.081711711711714,1.3570078046727951,0.5080359332980675,2.205979676047523
11.110390390390393,1.3645035078350327,0.5172904038926307,2.211716611777435
11.139069069069071,1.3721042550600548,0.5266359116537066,2.217572598466403
11.167747747747748,1.3798107772768478,0.5360716699029233,2.2235498846507724
11.196426426426427,1.3876238054144021,0.5455969242898853,2.229650686538919
11.225105105105106,1.3955440704017046,0.5552109659443529,2.2358771748590565
11.253783783783785,1.403572303167745,0.5649131332369468,2.242231473098543
11.282462462462464,1.411709234641511,0.5747028134924363,2.2487156557905856
11.311141141141142,1.419955595751992,0.5845794446513842,2.2553317468525997
11.339819819819821,1.4283121174281759,0.5945425168756839,2.262081717980668
11.3684984984985,1.4367795305990514,0.6045915740935841,2.2689674871045185
11.397177177177179,1.4453581762343555,0.6147258255204296,2.275990526948281
11.425855855855858,1.4540463425393282,0.624942484263854,2.283150200814802
11.454534534534536,1.4628416446636439,0.6352381483690877,2.2904451409582
11.483213213213215,1.471741697364317,0.6456094747396821,2.2978739199889517
11.511891891891894,1.4807441153983614,0.6560531807050094,2.305435050091713
11.540570570570573,1.489846513522791,0.6665660451077623,2.3131269819378195
11.569249249249252,1.49904650649462,0.6771449092998933,2.3209481036893465
11.59792792792793,1.5083417090708617,0.687786678042861,2.3288967400988625
11.62660660660661,1.5177297360085305,0.6984883203082444,2.3369711517088163
11.655285285285286,1.5272082020646387,0.7092468699749637,2.345169534154314
11.683963963963965,1.5367747219962034,0.7200594264195337,2.353490017572873
11.712642642642644,1.5464269105602366,0.7309231549841407,2.3619306661363324
11.741321321321323,1.5561623825137523,0.7418352677308384,2.370489497296666
11.770000000000001,1.5659787526137645,0.7527929844000458,2.379164520827483
11.79867867867868,1.5758736356172875,0.7637935821340285,2.387953689100547
11.827357357357359,1.5858446462813356,0.7748344071534568,2.3968548854092147
11.856036036036038,1.5958893993629213,0.7859128749033512,2.4058659238224913
11.884714714714717,1.6060055096190595,0.7970264700794568,2.414984549158662
11.913393393393395,1.6161905918067645,0.8081727465333747,2.4242084370801544
11.942072072072074,1.62644226068305,0.8193493270550176,2.4335351943110823
11.970750750750753,1.6367581310049286,0.8305539030313795,2.4429623589784777
11.999429429429432,1.6471358175294166,0.8417842339809143,2.452487401077919
12.02810810810811,1.657572935013526,0.8530381469631959,2.462107723063856
12.05678678678679,1.6680670982142711,0.8643135358638814,2.471820660564661
12.085465465465466,1.678615921888666,0.8756083605553366,2.4816234832219957
12.114144144144145,1.6892170207937258,0.8869206459336288,2.491513395653823
12.142822822822824,1.6998680096864627,0.8982484808329194,2.501487538540006
12.171501501501503,1.7105665033238917,0.9095900168186205,2.511542989829163
12.200180180180181,1.7213101164630265,0.9209434668609381,2.5216767660651147
12.22885885885886,1.7320964638608805,0.9323071038907575,2.5318858238310034
12.257537537537539,1.742923160274469,0.943679259240069,2.542167061308869
12.286216216216218,1.7537878204608042,0.9550583209693214,2.552517319952287
12.314894894894897,1.7646880591769014,0.9664427320844331,2.5629333862693695
12.343573573573575,1.7756214911797734,0.9778309886462014,2.5734119937133455
12.372252252252254,1.7865857312264355,0.9892216377751946,2.5839498246776764
12.400930930930933,1.7975783940739007,1.0006132755551937,2.5945435125926077
12.429609609609612,1.8085970944791827,1.0120045448384607,2.6051896441199047
12.45828828828829,1.8196394471992963,1.023394132956117,2.6158847614424756
12.48696696696697,1.8307030669912545,1.0347807693369881,2.6266253646455207
12.515645645645648,1.8417855686120723,1.0461632230382862,2.637407914185858
12.544324324324327,1.8528845668187628,1.0575403001914576,2.648228833446068
12.573003003003004,1.8639976763683395,1.0689108413665234,2.6590845113701556
12.601681681681683,1.875122512017818,1.0802737188580873,2.669971305177549
12.630360360360362,1.8862566885242114,1.091627833896176,2.6808855431522467
12.65903903903904,1.8973978206445328,1.1029721137848458,2.6918235275042197
12.68771771771772,1.9085435231357974,1.1143055089714293,2.7027815373001656
12.716396396396398,1.919691410755019,1.12562699004899,2.713755831461048
12.745075075075077,1.9308390982592103,1.1369355446944907,2.72474265182393
12.773753753753756,1.9419842004053862,1.1482301745448202,2.735738226265952
12.802432432432434,1.953124331950561,1.1595098920126485,2.7467387718884733
12.831111111111113,1.9642571076517474,1.1707737170438044,2.7577404982596905
12.859789789789792,1.9753801422659614,1.1820206738175458,2.768739610714377
12.88846846846847,1.986491050550215,1.1932497873908283,2.7797323137096015
12.91714714714715,1.997587447261522,1.2044600802874148,2.7907148142356295
12.945825825825828,2.008666947156897,1.2156505690321913,2.801683325281603
12.974504504504507,2.019727164993355,1.2268202606309226,2.8126340693557874
13.003183183183184,2.0307657155279086,1.23796814899519,2.8235632820606273
13.031861861861863,2.0417802135175727,1.2490932113119881,2.834467215723157
13.060540540540542,2.0527682737193595,1.2601944043571207,2.8453421430815986
13.08921921921922,2.063727510890285,1.271270660751124,2.8561843610294457
13.1178978978979,2.0746555397873627,1.2823208851562182,2.8669901944185074
13.146576576576578,2.0855499751676043,1.2933439504123128,2.877755999922896
13.175255255255257,2.096408431788028,1.304338693609913,2.8884781699661426
13.203933933933936,2.107228524405644,1.315303912097307,2.8991531367139807
13.232612612612614,2.1180078677774667,1.3262383594192413,2.9097773761356924
13.261291291291293,2.128744076660511,1.3371407370283697,2.9203474162926524
13.289969969969972,2.1394347658117923,1.3480095265119956,2.930860005111589
13.31864864864865,2.1500775499883216,1.358842932264308,2.941312167712335
13.34732732732733,2.160670043947114,1.3696390862811278,2.9517010016131002
13.376006006006008,2.171209862445184,1.3803960624547376,2.96202366243563
13.404684684684687,2.1816946202395453,1.3911118756754286,2.972277364803662
13.433363363363366,2.192121932087212,1.401784480898208,2.982459383276216
13.462042042042045,2.202489412745196,1.4124117721731606,2.9925670533172317
13.490720720720722,2.212794676970514,1.4229915816381475,3.0025977723028805
13.5193993993994,2.2230353395201794,1.4335216784725917,3.012549000567767
13.54807807807808,2.2332090151512043,1.4439997678112806,3.022418262491128
13.576756756756758,2.2433133186206056,1.454423489617215,3.032203147623996
13.605435435435437,2.253345864685395,1.4647904175126807,3.0419013118581097
13.634114114114116,2.2633042681025866,1.4750980575679218,3.051510478637251
13.662792792792795,2.2731861436291956,1.4853438470469136,3.0610284402114774
13.691471471471473,2.2829891060222334,1.4955251531099374,3.0704530589345294
13.720150150150152,2.2927107700387177,1.5056392714728988,3.0797822686045366
13.748828828828831,2.302348750435659,1.5156834234229137,3.089014077448404
13.77750750750751,2.3119006619700735,1.5256546413608576,3.0981466825792894
13.806186186186189,2.321364119398973,1.5355497013550183,3.1071785374429277
13.834864864864867,2.330736737479373,1.545365297993368,3.116108176965378
13.863543543543546,2.3400161309682885,1.5550979262000078,3.1249343357365693
13.892222222222225,2.3491999146227314,1.5647439025539298,3.133655926691533
13.920900900900902,2.3582857031997158,1.5742995097788368,3.1422718966205947
13.94957957957958,2.3672711114562563,1.5837610067079662,3.1507812162045465
13.97825825825826,2.3761537564214033,1.5931246346968169,3.1591828781459896
14.006936936936938,2.3849319677649814,1.6023873320228628,3.1674766035071
14.035615615615617,2.3936057971335214,1.6115477471440227,3.17566384712302
14.064294294294296,2.4021755510990666,1.6206047709447224,3.1837463312534107
14.092972972972975,2.410641536233662,1.6295571883377373,3.1917258841295864
14.121651651651653,2.419004059109349,1.6384036946733418,3.1996044235453565
14.150330330330332,2.4272634262981745,1.6471430068121187,3.2073838457842303
14.179009009009011,2.4354199443721796,1.6557738730874123,3.215066015656947
14.20768768768769,2.4434739199034077,1.6642950783426502,3.222652761464165
14.236366366366369,2.4514256594639043,1.6727054487505228,3.230145870177286
14.265045045045047,2.45927546962571,1.6810038394518099,3.2375470997996105
14.293723723723726,2.4670236569608717,1.6891890612585898,3.2448582526631533
14.322402402402405,2.4746705280414307,1.697259959540372,3.2520810965424896
14.351081081081084,2.4822163894394316,1.7052154575284475,3.2592173213504156
14.379759759759763,2.489661547726916,1.7130545611293226,3.2662685343245097
14.40843843843844,2.497006309475931,1.7207763633325899,3.2732362556192722
14.437117117117118,2.5042509812585174,1.728380048258464,3.280121914258571
14.465795795795797,2.51139586964672,1.7358648948370647,3.286926844456375
14.494474474474476,2.518441281212581,1.7432302801117265,3.2936522823134355
14.523153153153155,2.5253875225281446,1.7504756821590395,3.30029936289725
14.551831831831834,2.5322349001654563,1.7576006826187012,3.3068691177122114
14.580510510510512,2.538983720696557,1.7646049688268532,3.313362472566261
14.609189189189191,2.545634290693491,1.7714883355471724,3.319780245839809
14.63786786786787,2.552186916728303,1.7782506828494071,3.3261231506071987
14.666546546546549,2.558641905373036,1.7848919737961007,3.332391836949971
14.695225225225228,2.5649995631997315,1.7914122496768496,3.3385868767226135
14.723903903903906,2.5712601967804365,1.7978116645175677,3.3447087290433055
14.752582582582585,2.577424112687192,1.8040904861055331,3.3507577392688512
14.781261261261264,2.5834916174920433,1.810249095821567,3.3567341391625196
14.809939939939943,2.5894630177670326,1.8162879880469478,3.3626380474871174
14.83861861861862,2.595338620084203,1.8222077691454115,3.3684694710229945
14.867297297297299,2.601118731015601,1.8280091560214866,3.3742283060097154
14.895975975975977,2.606803657133267,1.8336929742573294,3.379914340009205
14.924654654654656,2.6123937050092465,1.8392601558310726,3.38552725418742
14.953333333333335,2.617889181215582,1.8447117364205528,3.3910666260106113
14.982012012012014,2.623290392324317,1.8500488522969536,3.3965319323516803
15.010690690690693,2.628597644907496,1.8552727368136555,3.401922553001336
15.039369369369371,2.633811245537162,1.8603847164960583,3.4072377745782654
15.06804804804805,2.6389315007853584,1.8653862067387341,3.4124767948319827
15.096726726726729,2.6439587172241286,1.8702787071165103,3.417638727331747
15.125405405405408,2.6488932014255173,1.8750637963164638,3.422722606534571
15.154084084084086,2.653735259961567,1.8797431266978428,3.4277273932252914
15.182762762762765,2.6584851994043217,1.8843184184870396,3.432651980321604
15.211441441441444,2.663143326325825,1.8887914536145733,3.4374951990370763
15.240120120120123,2.6677099472981194,1.8931640692008247,3.442255825395414
15.268798798798802,2.6721853688932495,1.8974381506969464,3.4469325870895524
15.29747747747748,2.6765698976832595,1.901615596160641,3.451524199205878
15.326156156156157,2.680863840240191,1.905698203360266,3.4560294771201163
15.354834834834836,2.6850675031360898,1.9096877472243663,3.4604472590478133
15.383513513513515,2.689181192942998,1.9135860094380697,3.4647763764479267
15.412192192192194,2.6932052162329594,1.917394772670007,3.469015659795912
15.440870870870873,2.6971398795780175,1.9211158146040144,3.4731639445520206
15.469549549549551,2.700985489550217,1.9247509017782771,3.4772200773221567
15.49822822822823,2.704742818902474,1.9283022494124982,3.4811833883924495
15.526906906906909,2.7084157789766254,1.9317751528893128,3.485056405063938
15.555585585585588,2.7120095761657694,1.9351760031440035,3.4888431491875354
15.584264264264267,2.715529420926891,1.938511099811788,3.492547742041994
15.612942942942945,2.718980523716977,1.9417866919899822,3.496174355443972
15.641621621621624,2.722368094993012,1.945008974410263,3.499727215575761
15.670300300300303,2.7256973452119815,1.9481840834909985,3.5032106069329645
15.698978978978982,2.728973484830872,1.9513180918630106,3.506628877798734
15.72765765765766,2.7322017243066665,1.9544169065612933,3.5099865420520397
15.756336336336338,2.735387274096355,1.957486163884701,3.5132883843080096
15.785015015015016,2.7385353446569205,1.9605312232280563,3.516539466085785
15.813693693693695,2.741651146445349,1.963557306949193,3.5197449859415046
15.842372372372374,2.744739889918625,1.9665695615180983,3.5229102183191516
15.871051051051053,2.7478067855337365,1.9695730601770478,3.526040510890425
15.899729729729732,2.7508570437476667,1.9725727901920813,3.5291412973032523
15.92840840840841,2.753895875017404,1.9755735064463198,3.532218243588488
15.95708708708709,2.7569284897999307,1.9785798005462776,3.5352771790535837
15.985765765765768,2.759960098552235,1.981596205318853,3.5383239917856164
16.014444444444447,2.7629959117313003,1.984627201672191,3.5413646217904096
16.043123123123124,2.766041139794114,1.9876772238598912,3.544405055728337
16.071801801801804,2.7691009931976613,1.9907506645786142,3.5474513218167085
16.10048048048048,2.7721806823989277,1.993851879902007,3.5505094848958483
16.129159159159162,2.775285417854899,1.9969851940535899,3.553585641656208
16.15783783783784,2.77842041002256,2.000154903149271,3.556685916895849
16.18651651651652,2.7815908693588978,2.003365196512489,3.5598165422053065
16.215195195195196,2.7848020063208967,2.006620096057723,3.5629839165840704
16.243873873873873,2.788059031365543,2.0099236030083274,3.566194459722759
16.272552552552554,2.791367154949822,2.013279720888947,3.569454589010697
16.30123123123123,2.7947315875307193,2.016692461770688,3.5727707132907507
16.32990990990991,2.7981573226515795,2.0201656353489206,3.5761490099542383
16.35858858858859,2.801646314155326,2.0237000318935787,3.5795925964170734
16.38726726726727,2.8051982769802573,2.0272942285266646,3.58310232543385
16.415945945945946,2.8088128740190386,2.030946781306006,3.5866789667320713
16.444624624624627,2.8124897681643404,2.0346562822368224,3.5903232540918584
16.473303303303304,2.8162286223088318,2.0384213639765636,3.5940358806411
16.501981981981984,2.820029099345181,2.042240704276136,3.5978174944142256
16.53066066066066,2.8238908621660563,2.0461130301547295,3.6016686941773832
16.559339339339342,2.8278135736641294,2.0500371218053686,3.6055900255228903
16.58801801801802,2.831796896732067,2.054011816228123,3.609581977236011
16.6166966966967,2.8358404942625377,2.0580360105879603,3.613644977937115
16.645375375375377,2.8399440291482114,2.0621086652942027,3.61777939300222
16.674054054054054,2.8441071642817555,2.066228806798593,3.621985521764918
16.702732732732734,2.8483295625558416,2.0703955301091925,3.6262635950024906
16.73141141141141,2.8526108868631366,2.074608001017432,3.6306137727088412
16.76009009009009,2.8569508000963104,2.078865458035957,3.6350361421566637
16.78876876876877,2.86134896514803,2.083167214045079,3.639530716250981
16.81744744744745,2.865805044910967,2.0875126576460823,3.6440974321758515
16.846126126126126,2.8703187022777876,2.0919012542198763,3.648736150335699
16.874804804804807,2.8748896001411626,2.0963325466899425,3.6534466535923826
16.903483483483484,2.87951740139376,2.1008061559888773,3.6582286467986425
16.932162162162165,2.88420176892825,2.105321781228269,3.6630817566282308
16.96084084084084,2.888942365637299,2.1098791995720783,3.6680055317025193
16.989519519519522,2.893738854413579,2.1144782658140757,3.672999443013082
17.0181981981982,2.898590898149756,2.1191189116603937,3.678062884639118
17.04687687687688,2.903498159738501,2.1238011447185894,3.6831951747584126
17.075555555555557,2.9084603020724815,2.1285250471950286,3.6883955569499345
17.104234234234237,2.913476988044368,2.1332907743028264,3.6936632017859092
17.132912912912914,2.9185478805468272,2.1380985523828455,3.698997208710809
17.16159159159159,2.923672642472529,2.142948676740625,3.7043966082044326
17.190270270270272,2.9288509367141424,2.147841509202356,3.709860364225929
17.21894894894895,2.9340824261643363,2.1527774753932576,3.715387376935415
17.24762762762763,2.939366773715782,2.1577570617418766,3.720976485689687
17.276306306306306,2.9447036422611443,2.1627808122139647,3.726626472308324
17.304984984984987,2.9500926946930948,2.1678493247796933,3.7323360646064963
17.333663663663664,2.9555335939043,2.1729632476179086,3.7381039401906913
17.362342342342345,2.9610260027874316,2.178123275061164,3.7439287305136992
17.39102102102102,2.9665695842351556,2.183330143285124,3.749809025185187
17.419699699699702,2.9721640011401433,2.18858462574579,3.7557433765344967
17.44837837837838,2.977808916395064,2.1938875283677852,3.7617303044223425
17.47705705705706,2.983503992892585,2.1992396844866136,3.767768301298556
17.505735735735737,2.9892488935253727,2.204641949547571,3.7738558375031745
17.534414414414417,2.9950432811861023,2.210095195563502,3.7799913668087024
17.563093093093094,3.000886818767437,2.2156003053332034,3.7861733322016704
17.59177177177177,3.006779169162049,2.2211581664218403,3.792400171902258
17.620450450450452,3.012719995262606,2.2267696623410984,3.798670328184113
17.64912912912913,3.0187089599617765,2.232435543371518,3.8049823765520348
17.67780780780781,3.0247457261522306,2.2381563128570905,3.8113351394473707
17.706486486486487,3.0308299567266364,2.2439322144328804,3.8177276990203923
17.735165165165167,3.0369613145776633,2.24976339692869,3.8241592322266365
17.763843843843844,3.0431394625979786,2.255649973039391,3.8306289521565664
17.792522522522525,3.0493640636802524,2.261592019389541,3.837136107970964
17.821201201201202,3.0556347807171553,2.267589576520977,3.843679984913334
17.849879879879882,3.061951276601354,2.273642648804386,3.850259904398322
17.87855855855856,3.068313214225516,2.2797512027280407,3.856875225722991
17.90723723723724,3.074720256482314,2.2859150468271405,3.863525466137488
17.935915915915917,3.081172066264415,2.2921337458304385,3.8702103866983912
17.964594594594598,3.087668306464487,2.298406808601173,3.876929804327801
17.993273273273275,3.094208639975199,2.3047337113216444,3.883683568628754
18.021951951951955,3.1007927296892235,2.311113900513387,3.89047155886506
18.050630630630632,3.107420238499224,2.3175467959344482,3.897293681064
18.07930930930931,3.114090829297873,2.324031793355001,3.904149865240745
18.10798798798799,3.120804164977839,2.330568267212473,3.911040062743205
18.136666666666667,3.1275599084317887,2.3371555731473155,3.917964243716262
18.165345345345347,3.1343577225523944,2.3437930504204703,3.9249223946843186
18.194024024024024,3.141197270232322,2.3504800242134745,3.9319145162511693
18.222702702702705,3.148078214364242,2.35721580781217,3.9389406209163136
18.251381381381382,3.1550002178408216,2.3639997046747414,3.946000731006902
18.28006006006006,3.161962943554732,2.370831010384914,3.95309487672455
18.30873873873874,3.168966054398641,2.377709014490912,3.96022309430637
18.337417417417416,3.1760092132652176,2.384633002230796,3.967385424299639
18.366096096096097,3.1830920830471308,2.3916022561446884,3.974581909949573
18.394774774774774,3.190214326637049,2.3986160575743245,3.9818125956997736
18.423453453453455,3.1973756069276424,2.405673688050329,3.989077525804956
18.45213213213213,3.2045755868115777,2.412774430567511,3.9963767430556443
18.480810810810812,3.2118139291815258,2.41991757074846,4.003710287614592
18.50948948948949,3.2190902969301542,2.4271023959307154,4.011078197929593
18.53816816816817,3.226404352950133,2.434328078752382,4.018480627147884
18.566846846846847,3.2337557601341302,2.441593615185308,4.025917905082952
18.595525525525527,3.241144181374816,2.448898000431158,4.033390362318474
18.624204204204204,3.248569279564856,2.456240248291624,4.040898310838088
18.652882882882885,3.256030717596923,2.4636193940519346,4.048442041141912
18.681561561561562,3.263528158363684,2.471034497198451,4.056021819528917
18.710240240240243,3.2710612647578086,2.478484643969933,4.063637885545685
18.73891891891892,3.278629699671965,2.485968949741945,4.071290449601985
18.767597597597597,3.2862331072997484,2.4934865425446997,4.078979672054797
18.796276276276277,3.2938706964229243,2.5010361483990566,4.086705244446792
18.824954954954954,3.301541237427793,2.508616090212867,4.094466384642718
18.853633633633635,3.3092434814048497,2.5162247085910496,4.102262254218649
18.882312312312312,3.316976179444589,2.523860382671621,4.110091976217556
18.910990990990992,3.3247380826375044,2.531521531495051,4.1179546337799575
18.93966966966967,3.3325279420740905,2.539206615202148,4.125849268946033
18.96834834834835,3.340344508844843,2.546914136059889,4.1337748816297974
18.997027027027027,3.3481865340402543,2.5546426393147326,4.141730428765777
19.025705705705708,3.3560527687508204,2.5623907138729973,4.149714823628643
19.054384384384385,3.363941964067034,2.5701569928080423,4.157726935326026
19.083063063063065,3.3718528710793905,2.577940153694004,4.165765588464777
19.111741741741742,3.379784240878383,2.5857389187659963,4.17382956299077
19.140420420420423,3.387734824554508,2.5935520549068496,4.181917594202166
19.1690990990991,3.3957033731982564,2.6013783734604807,4.190028372936032
19.19777777777778,3.4036886379001268,2.6092167298721765,4.1981605459280775
19.226456456456457,3.4116893697506097,2.6170660231561262,4.206312716345093
19.255135135135134,3.419704319840202,2.6249251951907486,4.214483444489656
19.283813813813815,3.4277322392593983,2.63279319723176,4.222671281287036
19.312492492492492,3.43577187909869,2.6406688011582213,4.230874957039159
19.341171171171172,3.443821990448574,2.6485507242741377,4.23909325662301
19.36984984984985,3.451881324399543,2.6564377188096477,4.247324929989438
19.39852852852853,3.4599486320420936,2.6643285727436794,4.255568691340508
19.427207207207207,3.4680226644667176,2.6722221102093706,4.263823218724065
19.455885885885888,3.4761021727639116,2.6801171917592184,4.272087153768605
19.484564564564565,3.4841859080241675,2.688012714490181,4.280359101558155
19.513243243243245,3.4922726213379813,2.6959076120291896,4.2886376306467735
19.541921921921922,3.500361063795846,2.7038008543794785,4.296921273212214
19.570600600600603,3.508449986488259,2.7116914476283025,4.305208525348215
19.59927927927928,3.51653814050571,2.7195784335166255,4.313497847494794
19.62795795795796,3.524624276938697,2.727460888871502,4.321787665005893
19.656636636636637,3.5327071468777116,2.735337924901797,4.330076368853627
19.685315315315314,3.5407855014132505,2.7432086863581273,4.338362316468373
19.713993993993995,3.548858091635809,2.751072350557801,4.346643832713816
19.742672672672672,3.5569236686358763,2.758928126275593,4.35491921099616
19.771351351351353,3.564980983503953,2.7667752525013345,4.363186714506572
19.80003003003003,3.5730287873305286,2.774612997065085,4.371444577595972
19.82870870870871,3.5810658312061,2.782440655130924,4.379691007281276
19.857387387387387,3.5890908662211602,2.7902575475600955,4.387924184882225
19.886066066066068,3.5971026434662052,2.7980630191444815,4.396142267787929
19.914744744744745,3.6050999140317264,2.805856436711144,4.404343391352309
19.943423423423425,3.613081429008221,2.8136371870987205,4.412525670917722
19.972102102102102,3.6210459394861827,2.8214046750063213,4.420687203966044
20.000780780780783,3.628992196556104,2.8291583207155555,4.428826072396653
20.02945945945946,3.6369189513084823,2.836897557686176,4.436940344930789
20.05813813813814,3.6448249548338096,2.844621830025705,4.445028079641914
20.086816816816818,3.6527089582225805,2.8523305898332962,4.453087326611865
20.115495495495495,3.6605697125652896,2.860023294417943,4.461116130712637
20.144174174174175,3.668405968952432,2.8676994033910113,4.469112534513853
20.172852852852852,3.6762164784745006,2.875358375632813,4.477074581316188
20.201531531531533,3.6839999922219904,2.8829996661329007,4.48500031831108
20.23021021021021,3.6917552612853957,2.8906227227034695,4.492887799867321
20.25888888888889,3.6994810367552122,2.8982269825650935,4.500735090945331
20.287567567567567,3.7071760697219323,2.905811868803804,4.508540270640061
20.316246246246248,3.714839111276051,2.9133767866983766,4.516301435853725
20.344924924924925,3.722468912508062,2.920921119462731,4.524016705553393
20.373603603603605,3.730064224508461,2.9284440826071876,4.531684366409735
20.402282282282282,3.737623798367741,2.935944520121905,4.539303076613576
20.430960960960963,3.745146385176397,2.9434211972494047,4.54687157310339
20.45963963963964,3.752630736024923,2.9508728515155886,4.554388620534258
20.48831831831832,3.760075602003815,2.95829819277552,4.56185301123211
20.516996996996998,3.7674797342035644,2.965695903179121,4.569263565228008
20.545675675675678,3.7748418837146676,2.9730646370568587,4.576619130372476
20.574354354354355,3.7821608016276165,2.980403020725452,4.583918582529781
20.603033033033032,3.7894352390329096,2.9877096522136832,4.5911608258521355
20.631711711711713,3.7966639470210377,2.994983100908348,4.598344793133728
20.66039039039039,3.803845676682497,3.0022219071204175,4.605469446244577
20.68906906906907,3.8109791791077807,3.009424581571471,4.61253377664409
20.717747747747747,3.8180632053873826,3.016589604800468,4.619536805974297
20.746426426426428,3.8250965066118,3.0237154264909476,4.626477586732652
20.775105105105105,3.8320778338715233,3.03080046471876,4.633355203024287
20.803783783783786,3.8390059382570505,3.0378431051204644,4.640168771393637
20.832462462462463,3.845879570858872,3.044841699982506,4.646917441735239
20.861141141141143,3.852697482767487,3.051794567251451,4.6536003982835235
20.88981981981982,3.859458425073385,3.058699989465402,4.660216860681368
20.9184984984985,3.866161148867063,3.065556212606989,4.666766085127137
20.947177177177178,3.872804405239014,3.072361444878232,4.673247365599796
20.97585585585586,3.879386945279734,3.0791138553977064,4.679660035161761
21.004534534534535,3.8859075200797153,3.085811564024988,4.6860034761344425
21.033213213213216,3.8923648807294544,3.0924524559165905,4.692277305542318
21.061891891891893,3.8987577783194447,3.099034197868804,4.698481358770085
21.09057057057057,3.9050849639401792,3.1055543540686394,4.7046155738117195
21.11924924924925,3.911345188682155,3.1120102316161318,4.710680145748178
21.147927927927928,3.9175372036358636,3.118399096008882,4.716675311262845
21.176606606606608,3.9236597598918013,3.124718229126079,4.722601290657524
21.205285285285285,3.9297116085404618,3.1309649343841004,4.728458282696823
21.233963963963966,3.9356915006723385,3.137136541682132,4.734246459662545
21.262642642642643,3.9415981873779264,3.143230412135785,4.739965962620068
21.291321321321323,3.947430419747721,3.1492439425962657,4.745616896899175
21.32,3.9531869488722147,3.1551745699522216,4.751199327792208
21.34867867867868,3.9588665258419033,3.1610197752111278,4.756713276472679
21.377357357357358,3.9644679017472804,3.1667770873566976,4.762158716137863
21.40603603603604,3.969989834640622,3.172444093940448,4.767535575340796
21.434714714714715,3.975431931547935,3.17801928649189,4.77284457660398
21.463393393393396,3.9807954518892794,3.1835028671016508,4.778088036676908
21.492072072072073,3.9860818454321403,3.1888952892981437,4.783268401566136
21.52075075075075,3.991292561944003,3.194197070379973,4.788388053508033
21.54942942942943,3.996429051192356,3.199408793848312,4.793449308536401
21.578108108108108,4.001492762944683,3.2045311115880843,4.798454414301282
21.606786786786788,4.006485146968472,3.2095647457942684,4.803405548142675
21.635465465465465,4.0114076530312035,3.2145104906398996,4.808304815422507
21.664144144144146,4.01626173090037,3.219369213682678,4.813154248118061
21.692822822822823,4.02104883034345,3.2241418387528373,4.8179558219340635
21.721501501501503,4.025770401127938,3.2288292294532823,4.822711572802593
21.75018018018018,4.030427893021314,3.2334322679003744,4.827423518142254
21.77885885885886,4.035022755791064,3.2379519188558024,4.832093592726326
21.807537537537538,4.039556439204676,3.242389231650522,4.836723646758831
21.83621621621622,4.044030393029634,3.246745341505732,4.841315444553536
21.864894894894896,4.048446067033425,3.251021470558653,4.845870663508197
21.893573573573576,4.052804910983534,3.2552189285915536,4.850390893375515
21.922252252252253,4.0571083746474486,3.2593391134631045,4.854877635831793
21.95093093093093,4.061357907792652,3.2633835112415843,4.859332304343719
21.97960960960961,4.065554960186631,3.2673536960400935,4.863756224333169
22.008288288288288,4.069700981596872,3.2712513295545316,4.868150633639213
22.03696696696697,4.073797421790862,3.275078160305568,4.872516683276155
22.065645645645645,4.077845730536083,3.2788360225864275,4.876855438485739
22.094324324324326,4.081847357600024,3.282526835118893,4.881167880081155
22.123003003003003,4.08580375275017,3.286152599420345,4.885454906079995
22.151681681681684,4.089716365754007,3.2897153978851628,4.889717333622851
22.18036036036036,4.093586646379021,3.2932173915842577,4.893955901173784
22.20903903903904,4.097416044392696,3.2966608177868664,4.898171270998525
22.237717717717718,4.101206009562519,3.300047987209081,4.902364031915957
22.2663963963964,4.104957991655978,3.303381280993852,4.906534702318105
22.295075075075076,4.108673440440556,3.3066631474274115,4.9106837334537
22.323753753753756,4.112353805683739,3.3098960983972567,4.914811512970221
22.352432432432433,4.116000537153013,3.313082705596888,4.9189183687091385
22.381111111111114,4.119615084615867,3.3162255964825236,4.92300457274921
22.40978978978979,4.1231988978397816,3.319327449986937,4.927070345692626
22.438468468468468,4.126753426592246,3.3223909919955434,4.931115861188948
22.46714714714715,4.130280120640745,3.325418990589582,4.935141250691909
22.495825825825825,4.133780429752765,3.3284142510610035,4.939146608444526
22.524504504504506,4.13725580369579,3.3313796107034293,4.94313199668815
22.553183183183183,4.140707692237308,3.3343179332774096,4.947097451197207
22.581861861861864,4.1441375451448055,3.33723199656555,4.951043093724061
22.61054054054054,4.147546812185765,3.3401242774925564,4.954969346878974
22.63921921921922,4.150936943127675,3.3429971892357253,4.958876697019625
22.667897897897898,4.15430938773802,3.3458531331060546,4.962765642369986
22.69657657657658,4.157665595784286,3.3486944967575303,4.966636694811041
22.725255255255256,4.16100701703396,3.351523652315611,4.970490381752309
22.753933933933936,4.164335101254526,3.3543429544245913,4.974327248084461
22.782612612612613,4.167651298213472,3.3571547382135063,4.978147858213438
22.811291291291294,4.170957057678281,3.359961317179974,4.9819527981765885
22.83996996996997,4.1742538294164415,3.3627649809913964,4.985742677841487
22.86864864864865,4.177543063195438,3.3655679932027147,4.989518133188161
22.89732732732733,4.180826208782756,3.3683725888898914,4.993279828675621
22.926006006006006,4.184104715945883,3.3711809712916057,4.99702846060016
22.954684684684686,4.187380034452303,3.3739951384276363,5.00076493047697
22.983363363363363,4.190653614069502,3.376816675219981,5.004490552919023
23.012042042042044,4.193926904564966,3.3796470735547004,5.008206735575232
23.04072072072072,4.197201355706182,3.382487783326473,5.011914928085891
23.0693993993994,4.200478417260634,3.3853402148836205,5.015616619637648
23.09807807807808,4.20375953899581,3.3882057413756783,5.019313336615941
23.12675675675676,4.207046170679194,3.391085701004487,5.023006640353902
23.155435435435436,4.210339762078272,3.3939813991797934,5.02669812497675
23.184114114114116,4.213641762960531,3.3968941105803716,5.03038941534069
23.212792792792794,4.216953623093456,3.399825081121632,5.03408216506528
23.241471471471474,4.220276792244532,3.402775529830727,5.037778054658338
23.27015015015015,4.223612720181246,3.405746650630089,5.041478789732404
23.29882882882883,4.226962856671082,3.4087396140303365,5.045186099311827
23.32750750750751,4.230328651481529,3.4117555687334855,5.048901734229573
23.356186186186186,4.233711554380071,3.414795643147261,5.052627465612881
23.384864864864866,4.237113015134193,3.417860946811416,5.056365083456971
23.413543543543543,4.240534483511382,3.4209525717368185,5.060116395285946
23.442222222222224,4.243977409279125,3.4240715936580566,5.063883224900194
23.4709009009009,4.247443242204905,3.4272190732002628,5.067667411209547
23.49957957957958,4.250933432056209,3.4303960569608978,5.07147080715152
23.52825825825826,4.254449428600524,3.433603578507033,5.075295278694015
23.55693693693694,4.257992681605335,3.436842659288806,5.079142703921863
23.585615615615616,4.2615646408381265,3.4401143094695787,5.083014972206675
23.614294294294297,4.265166756066385,3.4434195286733416,5.086913983459429
23.642972972972974,4.268800477057597,3.446759306649834,5.090841647465359
23.671651651651654,4.27246725357925,3.450134623857879,5.09479988330062
23.70033033033033,4.276168535398826,3.4535464474771844,5.098790623320467
23.729009009009012,4.279905772283813,3.456995513756249,5.102816030811377
23.75768768768769,4.283680414001696,3.460482236892563,5.10687859111083
23.786366366366366,4.287493910319962,3.4640070139682075,5.110980806671717
23.815045045045046,4.291347711006097,3.46757025425186,5.1151251677603335
23.843723723723723,4.295243265827585,3.4711723830754955,5.119314148579675
23.872402402402404,4.299182024551914,3.474813845558552,5.1235502035452765
23.90108108108108,4.303165436946567,3.4784951101789767,5.127835763714157
23.92975975975976,4.3071949527790325,3.48221667219026,5.132173233367805
23.95843843843844,4.311272021816794,3.485979056883435,5.1365649867501535
23.98711711711712,4.315398093827341,3.4897828226928844,5.141013364961797
24.015795795795796,4.319574618578155,3.493628564144624,5.145520673011687
24.044474474474477,4.323803045836724,3.497516914645641,5.150089177027806
24.073153153153154,4.328084825370532,3.501448549112764,5.154721101628301
24.101831831831834,4.332421406947069,3.505424186439602,5.159418627454536
24.13051051051051,4.336814240333817,3.5094445917999826,5.164183888867652
24.159189189189192,4.341264775298264,3.5135105787863834,5.169018971810144
24.18786786786787,4.345774461607893,3.517623011381853,5.1739259118339325
24.21654654654655,4.350344749030193,3.5217828057640927,5.178906692296294
24.245225225225226,4.354977087332648,3.525990931940383,5.1839632427249125
24.273903903903904,4.359672926282743,3.530248415212215,5.18909743735327
24.302582582582584,4.364433715647966,3.534556337468547,5.194311093827385
24.33126126126126,4.3692609051958025,3.538915838306948,5.199605972084656
24.35993993993994,4.374155944693737,3.5433281159819345,5.204983773405539
24.38861861861862,4.3791202839092565,3.5477944281799867,5.210446139638526
24.4172972972973,4.384155372609847,3.552316092621118,5.215994652598575
24.445975975975976,4.389262660562991,3.556894487486931,5.221630833639051
24.474654654654657,4.3944435975361795,3.561531051675407,5.227356143396952
24.503333333333334,4.399699633296895,3.566227284882848,5.233171981710942
24.532012012012014,4.405032217612624,3.5709847475137315,5.2390796877115164
24.56069069069069,4.410442800250853,3.575805060419476,5.245080540082229
24.589369369369372,4.415932830979067,3.5806899044671465,5.251175757490987
24.61804804804805,4.421503759564751,3.5856410199396507,5.257366499189851
24.64672672672673,4.427157035775393,3.590660205768984,5.2636538657818015
24.675405405405407,4.432894109378477,3.5957493186044607,5.270038900152493
24.704084084084087,4.438716430141491,3.6009102717178427,5.276522588565139
24.732762762762764,4.444625447831917,3.606145033747657,5.283105861916177
24.76144144144144,4.450622612217244,3.611455627285075,5.289789597149413
24.790120120120122,4.456709373064958,3.616844127303905,5.2965746188260105
24.8187987987988,4.462887180142543,3.6223126594372,5.303461700847886
24.84747747747748,4.4691574832174865,3.6278633981033503,5.310451568331622
24.876156156156156,4.475521732057271,3.6334985644844195,5.317544899630123
24.904834834834837,4.481981376429388,3.6392204243595496,5.324742328499227
24.933513513513514,4.488537866101319,3.6450312857962053,5.3320444464064325
24.962192192192195,4.49519236025882,3.6509332061205617,5.339451514397079
24.99087087087087,4.501944736799864,3.6569269986271156,5.346962474972612
25.019549549549552,4.508794520578166,3.663013158104208,5.354575883052124
25.04822822822823,4.5157412364364715,3.6691922110182267,5.362290261854716
25.07690690690691,4.522784409217527,3.67546471254707,5.370104105887984
25.105585585585587,4.529923563764077,3.6818312434765117,5.378015884051643
25.134264264264267,4.537158224918868,3.6882924069726877,5.386024042865049
25.162942942942944,4.544487917524641,3.694848825232685,5.394127009816597
25.19162162162162,4.551912166424143,3.7015011360150902,5.402323196833195
25.220300300300302,4.559430496460121,3.708249989052131,5.410611003868111
25.24897897897898,4.5670424324753185,3.715096042344475,5.418988822606162
25.27765765765766,4.574747499312481,3.7220399583400092,5.427455040284952
25.306336336336337,4.582545221814352,3.7290823755633764,5.436008068065329
25.335015015015017,4.590435124823679,3.736223513560969,5.444646736086388
25.363693693693694,4.598416733183207,3.7434632316931684,5.453370234673246
25.392372372372375,4.606489571735678,3.7508013611286373,5.462177782342719
25.42105105105105,4.61465316532384,3.75823771664446,5.47106861400322
25.449729729729732,4.622907038790438,3.765772097871248,5.480041979709628
25.47840840840841,4.631250716978215,3.773404290472794,5.489097143483637
25.50708708708709,4.6396837247299185,3.7811340672607807,5.498233382199056
25.535765765765767,4.648205586888291,3.7889611892449477,5.507449984531634
25.564444444444447,4.6568158282960805,3.7968854066192077,5.516746249972953
25.593123123123124,4.665513973796029,3.8049064596840756,5.526121487907983
25.6218018018018,4.674299548230885,3.813024079705995,5.535575016755775
25.650480480480482,4.68317207644339,3.8212379897140094,5.545106163172771
25.67915915915916,4.692131083276292,3.8295479052340564,5.554714261318528
25.70783783783784,4.701176093572336,3.8379535349615157,5.564398652183156
25.736516516516517,4.710306632174263,3.8464545813723925,5.574158682976134
25.765195195195197,4.719522223924824,3.8550507412734745,5.583993706576173
25.793873873873874,4.728822393666759,3.8637417062919237,5.593903081041594
25.822552552552555,4.738206666242817,3.872527163304702,5.6038861691809325
25.851231231231232,4.747674566495741,3.8814067948082105,5.613942338183271
25.879909909909912,4.757225619268275,3.890380279228438,5.624070959308112
25.90858858858859,4.766859349403167,3.8994472911720046,5.63427140763433
25.93726726726727,4.776575281743159,3.908607501618415,5.6445430618679024
25.965945945945947,4.786372941130997,3.91786057805385,5.654885304208145
25.994624624624628,4.796251852409429,3.927206184546711,5.665297520272147
26.023303303303305,4.806211540421196,3.936643981765212,5.675779099077181
26.051981981981985,4.816251530009047,3.9461736269372816,5.686329433080812
26.080660660660662,4.826371346015723,3.9557947737529777,5.696947918278467
26.10933933933934,4.836570513283971,3.965507072209599,5.707633954358343
26.13801801801802,4.846848556656537,3.975310168399627,5.718386944913448
26.166696696696697,4.8572050009761645,3.985203704241773,5.729206297710556
26.195375375375377,4.8676393710856,3.995187317155132,5.740091425016068
26.224054054054054,4.878151191827587,4.005260639676572,5.751041743978601
26.252732732732735,4.888739988044872,4.015423299021496,5.762056677068248
26.281411411411412,4.899405284580198,4.025674916587953,5.773135652572444
26.310090090090092,4.910146606276315,4.036015107404213,5.784278105148416
26.33876876876877,4.9209634779759615,4.046443479519683,5.79548347643224
26.36744744744745,4.931855424521887,4.056959633339311,5.8067512157044625
26.396126126126127,4.9428219707568335,4.0675631609012735,5.8180807806123935
26.424804804804808,4.953862641523551,4.078253645098004,5.829471637949098
26.453483483483485,4.964976961664778,4.0890306586034075,5.840923264726149
26.482162162162165,4.976164456023266,4.0998935782728525,5.85243533377368
26.510840840840842,4.987424649441755,4.110841257735904,5.864008041147606
26.539519519519523,4.998757066762993,4.121872462003839,5.875641671522146
26.5681981981982,5.010161232829724,4.1329859604801005,5.887336505179347
26.596876876876877,5.021636672484694,4.144180529946277,5.899092815023111
26.625555555555557,5.0331829105706465,4.155454957434141,5.910910863707152
26.654234234234234,5.044799471930327,4.166808042984331,5.922790900876323
26.682912912912915,5.056485881406482,4.178238602292294,5.934733160520671
26.711591591591592,5.068241663841857,4.189745469241813,5.9467378584419
26.740270270270273,5.080066344079193,4.201327498326409,5.958805189831978
26.76894894894895,5.091959446961239,4.212983566958722,5.9709353269637555
26.79762762762763,5.103920497330739,4.224712577667871,5.9831284169936065
26.826306306306307,5.115949020030438,4.236513460184687,5.995384579876189
26.854984984984988,5.128044539903082,4.248385173414712,6.007703906391453
26.883663663663665,5.140206581791413,4.260326707298642,6.020086456284185
26.912342342342345,5.15243467053818,4.272337084560036,6.032532256516324
26.941021021021022,5.164728330986126,4.284415362339818,6.045041299632434
26.969699699699703,5.177087087977997,4.296560633717375,6.057613542238618
26.99837837837838,5.189510466356533,4.308772029117762,6.070248903595305
27.027057057057057,5.201997990964486,4.321048717604779,6.082947264324193
27.055735735735738,5.2145491866446,4.333389908059405,6.095708465229795
27.084414414414415,5.227163578239618,4.3457948502434505,6.1085323062357855
27.113093093093095,5.2398406905922865,4.358262835748026,6.121418545436547
27.141771771771772,5.252580048545346,4.370793198826602,6.134366898264091
27.170450450450453,5.265381176941551,4.383385317112492,6.147377036770609
27.19912912912913,5.278243600623638,4.396038612220627,6.1604485890266485
27.22780780780781,5.291166844434356,4.408752550233585,6.173581138635127
27.256486486486487,5.304150433216447,4.421526642071768,6.186774224361125
27.285165165165168,5.317193891812661,4.434360443747996,6.200027339877325
27.313843843843845,5.330296745065738,4.44725355650655,6.213339933624925
27.342522522522525,5.343458517818426,4.460205626846964,6.226711408789889
27.371201201201202,5.356678734913469,4.473216346432871,6.240141123394068
27.399879879879883,5.369956921193615,4.486285451886289,6.253628390500941
27.42855855855856,5.383292601501603,4.499412724467969,6.267172478535238
27.457237237237237,5.396685300680183,4.512597989644185,6.280772611716181
27.485915915915918,5.4101345435721,4.525841116540655,6.294427970603546
27.514594594594595,5.423639855020096,4.5391420172843855,6.308137692755807
27.543273273273275,5.43720075986692,4.552500646234108,6.321900873499732
27.571951951951952,5.450816782955313,4.565916999100074,6.335716566810551
27.600630630630633,5.464487449128024,4.579391111954146,6.349583786301902
27.62930930930931,5.478212283227794,4.59292306013101,6.363501506324578
27.65798798798799,5.491990810097372,4.606512957021501,6.377468663173243
27.686666666666667,5.5058225545795,4.620160952758708,6.391484156400292
27.715345345345348,5.519707041516926,4.633867232798067,6.405546850235786
27.744024024024025,5.533643795752391,4.647632016392168,6.419655575112613
27.772702702702706,5.547632342128644,4.661455554961194,6.433809129296094
27.801381381381383,5.561672205488428,4.675338130359668,6.448006280617188
27.830060060060063,5.57576291067449,4.689280053040494,6.4622457683084855
27.85873873873874,5.589903982529572,4.703281660116927,6.476526304942217
27.88741741741742,5.6040949458964215,4.717343313322951,6.490846578469892
27.916096096096098,5.6183353256177835,4.731465396872633,6.505205254362934
27.944774774774775,5.632624646536401,4.745648315218961,6.519600977853841
27.973453453453455,5.646962433495022,4.759892490712359,6.534032376277685
28.002132132132132,5.661348211336389,4.774198361158814,6.548498061513963
28.030810810810813,5.6757815049032505,4.788566377277906,6.562996632528595
28.05948948948949,5.690261839038346,4.80299700006026,6.577526678016432
28.08816816816817,5.704788738584426,4.817490698024218,6.592086779144634
28.116846846846848,5.719361728384233,4.832047944370887,6.6066755123975796
28.145525525525528,5.733980333280513,4.846669214036936,6.6212914525240905
28.174204204204205,5.748644078116009,4.8613549806441245,6.635933175587894
28.202882882882886,5.763352487733471,4.876105713344222,6.65059926212272
28.231561561561563,5.778105086975637,4.890921873557604,6.665288300393671
28.260240240240243,5.792901400685258,4.905803911604102,6.679998889766414
28.28891891891892,5.807740953705076,4.920752263223925,6.694729644186227
28.3175975975976,5.822623270877838,4.935767345986203,6.709479195769473
28.346276276276278,5.837547877046287,4.950849555582724,6.72424619850985
28.37495495495496,5.852514297053171,4.9659992620038595,6.739029332102482
28.403633633633635,5.86752205574123,4.98121680559383,6.753827305888631
28.432312312312312,5.882570677953213,4.996502492981495,6.768638862924931
28.460990990990993,5.897659688531865,5.011856592882997,6.783462784180734
28.48966966966967,5.912788612319932,5.027279331772734,6.798297892867129
28.51834834834835,5.927956974160157,5.042770889417743,6.813143058902571
28.547027027027028,5.943164298895285,5.058331394271416,6.827997203519153
28.575705705705708,5.958410111368062,5.0739609187215855,6.842859304014539
28.604384384384385,5.973693936421233,5.089659474188115,6.857728398654351
28.633063063063066,5.989015298897543,5.105427006064667,6.87260359173042
28.661741741741743,6.004373723639734,5.121263388499251,6.887484058780217
28.690420420420423,6.019768735490558,5.137168419008122,6.902369051972994
28.7190990990991,6.035199859292754,5.1531418129172675,6.91725790566824
28.74777777777778,6.050666619889071,5.16918319762591,6.932150042152233
28.776456456456458,6.06616854212225,5.185292106685946,6.947044977558555
28.80513513513514,6.08170515083504,5.201467973691972,6.961942327978108
28.833813813813816,6.097275970870182,5.2177101259761836,6.976841815764181
28.862492492492493,6.112880527070424,5.234017778102634,6.991743276038215
28.891171171171173,6.128518344278513,5.250390025155716,7.00664666340131
28.91984984984985,6.144188947337189,5.266825835818285,7.021552058856093
28.94852852852853,6.159891861089202,5.283324045234977,7.0364596769434264
28.977207207207208,6.175626610377294,5.299883347657048,7.051369873097539
29.00588588588589,6.191392720044211,5.316502288865976,7.066283151222446
29.034564564564565,6.207189714932696,5.333179258373819,7.081200171491573
29.063243243243246,6.2230171198854976,5.349912481399392,7.096121758371603
29.091921921921923,6.238874459745358,5.366700010620839,7.111048908869877
29.120600600600604,6.254761259355027,5.383539600914853,7.1259829177952
29.14927927927928,6.270677043557242,5.400427701438477,7.140926385676008
29.17795795795796,6.286621337194757,5.417359993482835,7.155882680906679
29.206636636636638,6.302593665110308,5.434332036214965,7.170855294005651
29.23531531531532,6.318593552146649,5.451339280463496,7.1858478238298025
29.263993993993996,6.334620523146515,5.468377075489862,7.200863970803168
29.292672672672673,6.350674102952659,5.485440675869249,7.21590753003607
29.321351351351353,6.366753816407826,5.50252524849936,7.230982384316292
29.35003003003003,6.382859188354756,5.519625879754553,7.246092496954958
29.37870870870871,6.398989743636198,5.536737582800464,7.261241904471932
29.407387387387388,6.415145007094893,5.553855305083016,7.276434709106771
29.43606606606607,6.431324503573595,5.5709739360038455,7.291675071143345
29.464744744744745,6.447527757915038,5.588088314792197,7.30696720103788
29.493423423423426,6.463754294961976,5.605193238580705,7.3223153513432475
29.522102102102103,6.480003639557148,5.62228347069036,7.337723808423935
29.550780780780784,6.4962753165433025,5.639353749127706,7.353196883958899
29.57945945945946,6.512568850763182,5.656398795293837,7.368738906232526
29.60813813813814,6.5288837670595345,5.673413322902313,7.384354211216756
29.63681681681682,6.545219590275101,5.69039204709996,7.400047133450243
29.6654954954955,6.561575845252632,5.707329693781316,7.415821996723948
29.694174174174176,6.577952056834867,5.724221009084185,7.43168310458555
29.722852852852856,6.594347749864557,5.741060769050357,7.447634730678757
29.751531531531533,6.610762449184442,5.757843789432054,7.46368110893683
29.78021021021021,6.627195679637269,5.774564935621564,7.479826423652973
29.80888888888889,6.643646966065784,5.791219132677884,7.496074799453685
29.837567567567568,6.660115833312728,5.807801375420653,7.5124302912048035
29.86624624624625,6.676601806220854,5.824306738559141,7.528896873882568
29.894924924924926,6.693104409632898,5.840730386820437,7.54547843244536
29.923603603603606,6.709623168391613,5.857067585038615,7.562178751744612
29.952282282282283,6.726157607339738,5.873313708163727,7.579001506515749
29.980960960960964,6.742707251320022,5.88946425114792,7.595950251492124
30.00963963963964,6.759271625175206,5.905514838663741,7.61302841168667
30.03831831831832,6.7758502537480405,5.921461234608449,7.630239272887632
30.066996996997,6.7924426618812666,5.937299351347263,7.64758597241527
30.09567567567568,6.809048374417632,5.953025258648354,7.66507149018691
30.124354354354356,6.825666916199877,5.968635192262132,7.682698640137621
30.153033033033037,6.842297812070753,5.984125562098474,7.700470062043032
30.181711711711714,6.8589405868730005,5.999492959956477,7.718388213789524
30.210390390390394,6.875594765449367,6.014734166763513,7.736455364135222
30.23906906906907,6.892259872642595,6.029846155821112,7.754673589464078
30.267747747747748,6.908935433295432,6.0448260684059285,7.7730447981849355
30.29642642642643,6.925620972250624,6.059671254623406,7.791570689877843
30.325105105105106,6.942316014350913,6.074379311234698,7.810252717467129
30.353783783783786,6.959020084439047,6.088948087008362,7.829092081869732
30.382462462462463,6.975732707357767,6.103375686708493,7.84808972800704
30.411141141141144,6.992453407949824,6.117660474197549,7.8672463417021
30.43981981981982,7.009181711057956,6.131801074643082,7.886562347472831
30.4684984984985,7.025917141524914,6.14579637582505,7.906037907224778
30.49717717717718,7.042659224193441,6.159645528546694,7.9256729198401885
30.52585585585586,7.059407483906282,6.173347946159662,7.945467021652902
30.554534534534536,7.076161445506181,6.186903303219913,7.965419587792449
30.583213213213217,7.092920633835886,6.200311533298087,7.985529734373686
30.611891891891894,7.109684573738138,6.213572825973668,8.005796321502606
30.640570570570574,7.126452790055687,6.226687623048084,8.02621795706329
30.66924924924925,7.143224807631272,6.239656614016811,8.046793001245733
30.69792792792793,7.160000151307642,6.252480730845231,8.067519571770053
30.72660660660661,7.176778345927545,6.26516114209681,8.08839554975828
30.755285285285286,7.193558916333719,6.277699246465046,8.109418586202391
30.783963963963966,7.210341387368915,6.290096665763691,8.13058610897414
30.812642642642643,7.227125283875874,6.302355237431069,8.151895330320679
30.841321321321324,7.243910130697344,6.314477006605637,8.173343254789051
30.87,7.260695452676068,6.326464217830292,8.1949266875218445
