rt_source,rt_target_predicted,ci_lower,ci_upper
15.5,2.8310959230851775,2.1367161231847898,3.5254757229855653
15.511911911911913,2.8340378058701496,2.1402425637083815,3.5278330480319178
15.523823823823824,2.8369797103320313,2.1437673523616434,3.5301920683024193
15.535735735735736,2.839921658147739,2.1472905037112318,3.532552812584246
15.547647647647647,2.8428636709941806,2.1508120324540276,3.5349153095343335
15.55955955955956,2.84580577054827,2.154331953417826,3.537279587678714
15.57147147147147,2.848747978486919,2.157850281561981,3.539645675411857
15.583383383383383,2.8516903164870375,2.161367031978045,3.54201360099603
15.595295295295296,2.8546328062255406,2.1648822198903863,3.544383392560695
15.607207207207207,2.857575469379338,2.1683958606567844,3.5467550781018913
15.61911911911912,2.8605183276253405,2.17190796976901,3.549128685481671
15.63103103103103,2.863461402640463,2.1754185628533875,3.551504242427538
15.642942942942943,2.8664047161016155,2.1789276556713304,3.5538817765319006
15.654854854854856,2.8693482896857088,2.18243526411986,3.5562613152515574
15.666766766766766,2.8722921450696566,2.1859414042321137,3.5586428859071995
15.67867867867868,2.87523630393037,2.1894460921778167,3.561026515682923
15.69059059059059,2.878180787944761,2.1929493442637455,3.5634122316257764
15.702502502502503,2.881125618789741,2.1964511769341653,3.565800060645317
15.714414414414414,2.884070818142222,2.199951606771249,3.568190029513195
15.726326326326326,2.8870164076791163,2.2034506504954776,3.570582164862755
15.738238238238239,2.889962409077335,2.2069483249660116,3.572976493188658
15.75015015015015,2.8929088440137902,2.2104446471810504,3.57537304084653
15.762062062062062,2.895855734165395,2.2139396342781663,3.577771834052624
15.773973973973973,2.8988031012090594,2.2174333035346114,3.5801728988835073
15.785885885885886,2.9017509668216954,2.2209256723676165,3.5825762612757743
15.797797797797799,2.904699352680216,2.2244167583346557,3.5849819470257764
15.80970970970971,2.9076482804615313,2.227906579133691,3.5873899817893715
15.821621621621622,2.910597771842555,2.2313951526034033,3.5898003910817065
15.833533533533533,2.913547848500198,2.2348824967233876,3.5922132002770084
15.845445445445446,2.9164985321113734,2.238368629614338,3.594628434608409
15.857357357357357,2.9194498443529895,2.241853569538197,3.597046119167782
15.86926926926927,2.922401806901963,2.245337334898304,3.5994662789056218
15.881181181181182,2.9253544414352004,2.2488199442394867,3.601888938630914
15.893093093093093,2.928307769629619,2.252301416248169,3.604314123011069
15.905005005005005,2.9312618131621266,2.2557817697524176,3.6067418565718357
15.916916916916916,2.934216593709637,2.2592610237219963,3.609172163697278
15.928828828828829,2.937172132949062,2.2627391972683757,3.611605068629748
15.940740740740742,2.940128452557312,2.2662163096447276,3.6140405954698966
15.952652652652652,2.9430855742113002,2.269692380245899,3.6164787681767017
15.964564564564565,2.946043519587937,2.2731674286083505,3.6189196105675236
15.976476476476476,2.9490023103641354,2.2766414744100847,3.621363146318186
15.988388388388389,2.951961968216809,2.280114537470539,3.6238093989630786
16.0003003003003,2.954922514822865,2.283586637750453,3.626258391895277
16.012212212212212,2.9578839718592196,2.287057795351729,3.6287101483667104
16.024124124124125,2.960846361002782,2.2905280305172404,3.6311646914883235
16.036036036036037,2.963809703930466,2.2939973636306408,3.633622044230291
16.047947947947947,2.9667740223191803,2.297465815216127,3.6360822294222337
16.05985985985986,2.9697393378458417,2.3009334059381983,3.638545269753485
16.071771771771772,2.9727056721873555,2.3044001566013623,3.6410111877733486
16.083683683683685,2.9756730470206403,2.3078660881498534,3.643480005891427
16.095595595595597,2.978641484022603,2.3113312216672797,3.6459517463779263
16.107507507507506,2.981611004870159,2.3147955783762892,3.6484264313640287
16.11941941941942,2.984581631240217,2.318259179638175,3.650904082842259
16.13133133133133,2.98755338480969,2.3217220469524777,3.6533847226669023
16.143243243243244,2.9905262872554905,2.3251842019565503,3.6558683725544308
16.155155155155157,2.9935003602545307,2.328645666425099,3.6583550540839624
16.167067067067066,2.9964756254837197,2.332106462269696,3.6608447886977435
16.17897897897898,2.9994521046199725,2.3355666115382774,3.6633375977016676
16.19089089089089,3.0024298193401995,2.339026136414595,3.665833502265804
16.202802802802804,3.005408791321313,2.3424850592176583,3.6683325234249677
16.214714714714713,3.008389042240223,2.345943402401139,3.670834682079307
16.226626626626626,3.0113705937738438,2.349401188552763,3.6733399989949245
16.23853853853854,3.0143534675990873,2.3528584403936543,3.6758484948045203
16.25045045045045,3.0173376853928637,2.356315180777669,3.6783601900080583
16.262362362362364,3.020323268832085,2.3597714326906973,3.6808751049734725
16.274274274274273,3.023310239593662,2.3632272192499353,3.683393259937389
16.286186186186185,3.026298619354509,2.3666825637031383,3.68591467500588
16.298098098098098,3.029288429791538,2.370137489427834,3.6884393701552423
16.31001001001001,3.032279692581659,2.373592019930514,3.690967365232804
16.321921921921923,3.0352724294017848,2.377046178845806,3.6934986799577634
16.333833833833832,3.0382666619288248,2.3804999899356045,3.696033333922045
16.345745745745745,3.041262411839696,2.38395347708819,3.698571346591202
16.357657657657658,3.044259700811305,2.387406664317295,3.7011127373053148
16.36956956956957,3.047258550520567,2.390859575761177,3.7036575252799575
16.381481481481483,3.050258982644392,2.394312235681631,3.706205729607153
16.393393393393392,3.053261018859693,2.397764668462997,3.708757369256389
16.405305305305305,3.056264680843379,2.4012168986111253,3.711312463075633
16.417217217217217,3.0592699902723672,2.4046689507523284,3.713871029792406
16.42912912912913,3.0622769688235643,2.4081208496322795,3.716433088014849
16.44104104104104,3.065285638173885,2.411572620114918,3.718998656232852
16.452952952952952,3.0682960200002403,2.4150242871812955,3.721567752819185
16.464864864864865,3.071308135979543,2.418475875928412,3.724140396030674
16.476776776776777,3.0743220077887026,2.421927411568014,3.726716604009391
16.48868868868869,3.077337657104633,2.4253789194253748,3.729296394783891
16.5006006006006,3.0803551056042435,2.428830424938033,3.7318797862704542
16.51251251251251,3.0833743749644493,2.4322819536545173,3.7344667962743814
16.524424424424424,3.086395486862161,2.43573353123303,3.7370574424912917
16.536336336336337,3.0894184629742893,2.4391851834401073,3.7396517425084714
16.54824824824825,3.092443324977748,2.4426369361492566,3.7422497138062396
16.56016016016016,3.0954700945494467,2.4460888153395532,3.74485137375934
16.57207207207207,3.0984987933663,2.449540847094225,3.747456739638375
16.583983983983984,3.101529443105215,2.4529930575991843,3.7500658286112456
16.595895895895897,3.1045620654431088,2.456445473141566,3.7526786577446516
16.60780780780781,3.10759668205689,2.4598981201081966,3.7552952440055836
16.61971971971972,3.1106333146234717,2.4633510249840698,3.7579156042628736
16.63163163163163,3.113671984819766,2.4668042143507725,3.760539755288759
16.643543543543544,3.1167127143226843,2.470257714884889,3.7631677137604793
16.655455455455456,3.119755524809137,2.4737115533563756,3.7657994962618986
16.66736736736737,3.1228004379560392,2.4771657566269116,3.768435119285167
16.679279279279278,3.125847475440299,2.4806203516482084,3.7710745992323895
16.69119119119119,3.128896658938831,2.484075365460309,3.7737179524173534
16.703103103103103,3.131948010128546,2.4875308251898387,3.776365195067253
16.715015015015016,3.1350015506863556,2.490986758048245,3.779016343324466
16.72692692692693,3.138057302289172,2.4944431913299945,3.781671413248349
16.738838838838838,3.141115286613907,2.497900152410752,3.784330420817062
16.75075075075075,3.1441755253374715,2.5013576687455212,3.7869933819294217
16.762662662662663,3.147238040136779,2.5048157678667695,3.7896603124067885
16.774574574574576,3.1503028526887404,2.5082744773825074,3.7923312279949735
16.786486486486485,3.1533699846702676,2.5117338249743546,3.7950061443661807
16.798398398398398,3.1564394577582715,2.5151938383955685,3.7976850771209745
16.81031031031031,3.159511293629666,2.51865454546905,3.800368041790282
16.822222222222223,3.162585513961363,2.5221159740853127,3.803055053837413
16.834134134134136,3.165662140430272,2.5255781522004286,3.8057461286601155
16.846046046046045,3.1687411947133057,2.529041107833949,3.8084412815926623
16.857957957957957,3.171822698487376,2.5325048690667904,3.8111405279079618
16.86986986986987,3.1749066734293963,2.535969464039094,3.8138438828196985
16.881781781781783,3.1779931412162767,2.539434920948054,3.8165513614844997
16.893693693693695,3.1810821235249276,2.5429012680457226,3.8192629790041326
16.905605605605604,3.184173642032265,2.546368533636789,3.821978750427741
16.917517517517517,3.1872677184151965,2.5498367460763127,3.8246986907540803
16.92942942942943,3.1903643743506374,2.5533059337674535,3.827422814933821
16.941341341341342,3.193463631515497,2.556776125159149,3.8301511378718454
16.95325325325325,3.196565511586688,2.560247348743782,3.8328836744295938
16.965165165165164,3.1996700362411232,2.563719633054811,3.8356204394274354
16.977077077077077,3.2027772271557127,2.5671930066643687,3.8383614476470567
16.98898898898899,3.20588710600737,2.570667498180845,3.8411067138338955
17.000900900900902,3.208999694473006,2.5741431362464247,3.8438562526995876
17.01281281281281,3.212115014229531,2.5776199495346113,3.846610078924451
17.024724724724724,3.21523308695386,2.5810979667477203,3.84936820716
17.036636636636636,3.218353934322903,2.584577216614331,3.8521306520314753
17.04854854854855,3.2214775780135736,2.5880577278867296,3.8548974281404176
17.06046046046046,3.224604039702781,2.591539529338307,3.8576685500672547
17.07237237237237,3.2277333410674376,2.5950226497609417,3.8604440323739335
17.084284284284283,3.2308655037844547,2.5985071179623462,3.863223889606563
17.096196196196196,3.2340005495307467,2.601992962763392,3.866008136298101
17.10810810810811,3.237138499983225,2.605480212995396,3.868796786971054
17.12002002002002,3.2402793768187985,2.6089688974973857,3.8715898561402113
17.13193193193193,3.2434232017143825,2.6124590451133445,3.8743873583154205
17.143843843843843,3.2465699963468855,2.6159506846894103,3.8771893080043607
17.155755755755756,3.2497197823932225,2.619443845071066,3.879995719715379
17.16766766766767,3.2528725815303043,2.622938555100283,3.8828066079603256
17.17957957957958,3.2560284154350407,2.6264348436126514,3.88562198725743
17.19149149149149,3.2591873057843457,2.6299327394344796,3.8884418721342118
17.203403403403403,3.262349274255131,2.63343227137986,3.891266277130402
17.215315315315316,3.265514342524308,2.63693346824771,3.894095216800906
17.227227227227228,3.268682532268789,2.64043635881879,3.8969287057187882
17.23913913913914,3.271853865165486,2.643940971852686,3.899766758478286
17.25105105105105,3.275028362891308,2.647447336084767,3.902609389697849
17.262962962962963,3.27820604712317,2.650955480223123,3.905456614023217
17.274874874874875,3.2813869395379847,2.654465432945464,3.9083084461305053
17.286786786786788,3.28457106181266,2.6579772228959877,3.9111649007293323
17.298698698698697,3.2877584356241103,2.661490878682243,3.9140259925659775
17.31061061061061,3.290949082649247,2.66500642887194,3.9168917364265536
17.322522522522522,3.294143024564983,2.668523901989747,3.919762147140219
17.334434434434435,3.2973402830482277,2.6720433265140513,3.922637239582404
17.346346346346348,3.300540879775896,2.6755647308737074,3.9255170286780845
17.358258258258257,3.303744836424896,2.6790881434447344,3.9284015294050576
17.37017017017017,3.3069521746721415,2.6826135925470127,3.9312907567972704
17.382082082082082,3.3101629161945456,2.6861411064409335,3.9341847259481577
17.393993993993995,3.313377082669019,2.689670713324025,3.937083452014013
17.405905905905907,3.3165946957724723,2.6932024413275597,3.939986950217385
17.417817817817816,3.3198157771818186,2.6967363185131257,3.9428952358505116
17.42972972972973,3.32304034857397,2.700272372869176,3.945808324278764
17.441641641641642,3.3262684316258397,2.703810632307547,3.9487262309441324
17.453553553553554,3.329500048014334,2.7073511246599455,3.951648971368723
17.465465465465464,3.3327352194163717,2.7108938776744314,3.954576561158312
17.477377377377376,3.3359739675088607,2.7144389190118363,3.957509016005885
17.48928928928929,3.339216313968714,2.717986276242188,3.96044635169524
17.5012012012012,3.3424622804728408,2.7215359768410874,3.963388584104594
17.513113113113114,3.3457118886981574,2.7250880481860795,3.9663357292102353
17.525025025025023,3.3489651603215704,2.728642517552962,3.969287803090179
17.536936936936936,3.352222117019998,2.732199412112116,3.97224482192788
17.54884884884885,3.355482780470346,2.7357587589247556,3.9752068020159363
17.56076076076076,3.3587471723495317,2.739320584939203,3.9781737597598603
17.572672672672674,3.362015314334462,2.74288491698709,3.981145711681834
17.584584584584583,3.36528722810205,2.7464517817795704,3.9841226744245297
17.596496496496496,3.36856293532921,2.750021205903486,3.9871046647549337
17.60840840840841,3.371842457692851,2.753593215817504,3.9900916995681985
17.62032032032032,3.3751258168698874,2.7571678378482396,3.9930837958915353
17.632232232232234,3.3784130345372296,2.760745098186343,3.996080970888116
17.644144144144143,3.381704132371787,2.7643250228825615,3.9990832418610123
17.656056056056055,3.384999132050475,2.7679076378437846,4.002090626257166
17.667967967967968,3.3882980552502056,2.7714929688290435,4.005103141671368
17.67987987987988,3.391600923647889,2.7750810414454996,4.008120805850278
17.691791791791793,3.3949077589204366,2.778671881144401,4.011143636696472
17.703703703703702,3.3982185827447617,2.782265513217019,4.014171652272505
17.715615615615615,3.4015334167977747,2.785861962790542,4.017204870805007
17.727527527527528,3.404852282756388,2.7894612548239657,4.0202433106888105
17.73943943943944,3.408175202297515,2.793063414103939,4.023286990491091
17.751351351351353,3.411502197098065,2.7966684652405878,4.026335928955542
17.763263263263262,3.4148332888349504,2.8002764326633214,4.029390145006579
17.775175175175175,3.4181684991850854,2.803887340616605,4.032449657753565
17.787087087087087,3.421507849825378,2.807501213155702,4.035514486495055
17.798998998999,3.4248513624327437,2.8111180741424042,4.038584650723083
17.810910910910913,3.4281990586840925,2.8147379466179183,4.041660170750267
17.822822822822822,3.4315509602563345,2.818360850305803,4.044741070206866
17.834734734734734,3.434907088826385,2.821986803984671,4.047827373668099
17.846646646646647,3.4382674660711547,2.8256158265641895,4.05091910557812
17.85855855855856,3.4416321136675543,2.8292479370985077,4.054016290236601
17.87047047047047,3.4450010532924953,2.8328831547986866,4.057118951786304
17.88238238238238,3.4483743066228922,2.8365214990446006,4.060227114201184
17.894294294294294,3.4517518953356534,2.840162989396315,4.063340801274991
17.906206206206207,3.4551338411076937,2.8438076456049584,4.066460036610429
17.91811811811812,3.4585201656159246,2.847455487623051,4.069584843608798
17.93003003003003,3.461910890537255,2.851106535614315,4.072715245460195
17.94194194194194,3.4653060375486016,2.8547608099629658,4.075851265134237
17.953853853853854,3.4687056283268722,2.858418331282449,4.0789929253712955
17.965765765765767,3.472109684548979,2.862079120423669,4.082140248674289
17.977677677677676,3.475518227891835,2.8657431984826705,4.085293257300999
17.98958958958959,3.4789312800323526,2.8694105868077866,4.088451973256919
18.0015015015015,3.4823488626474415,2.8730813070062426,4.09161641828864
18.013413413413414,3.485770997414015,2.876755380950235,4.094786613877795
18.025325325325326,3.489197706008986,2.880432830782452,4.09796258123552
18.037237237237235,3.4926290101092627,2.8841136789210533,4.101144341297473
18.049149149149148,3.496064931391761,2.8877979480641205,4.104331914719402
18.06106106106106,3.49950549153339,2.8914856611935345,4.107525321873245
18.072972972972973,3.5029507122110646,2.8951768415783268,4.110724582843803
18.084884884884886,3.506400615101693,2.89887151277746,4.1139297174259255
18.096796796796795,3.5098552218821886,2.9025696986420773,4.1171407451223
18.108708708708708,3.513314554229464,2.9062714233171816,4.120357685141746
18.12062062062062,3.51677863382043,2.9099767112427624,4.123580556398098
18.132532532532533,3.520247482331998,2.91368558715437,4.126809377509626
18.144444444444446,3.523721121441081,2.9173980760831304,4.130044166799031
18.156356356356355,3.5271995728245895,2.921114203355194,4.133284942293986
18.168268268268267,3.530682858159437,2.924833994590629,4.136531721728245
18.18018018018018,3.5341709991225345,2.9285574757017505,4.1397845225433185
18.192092092092093,3.5376640173907936,2.93228467289088,4.143043361890707
18.204004004004005,3.5411619346411274,2.936015612647549,4.146308256634706
18.215915915915915,3.5446647725504445,2.939750321745119,4.14957922335577
18.227827827827827,3.5481725527956613,2.943488827236861,4.152856278354461
18.23973973973974,3.5516852970536856,2.9472311564514255,4.156139437655946
18.251651651651652,3.555203018932407,2.9509773289187566,4.1594287089460575
18.263563563563565,3.558725613681572,2.954727246075315,4.162723981287829
18.275475475475474,3.562252886639909,2.9584807197049763,4.166025053574842
18.287387387387387,3.56578464090166,2.962237559598765,4.1693317222045545
18.2992992992993,3.569320679561062,2.965997575791959,4.172643783330164
18.311211211211212,3.5728608057123554,2.9697605785561443,4.175961032868567
18.323123123123125,3.576404822449783,2.973526378390682,4.179283266508884
18.335035035035034,3.5799525328675816,2.977294786013592,4.182610279721571
18.346946946946947,3.583503740059993,2.9810656123518733,4.185941867768113
18.35885885885886,3.587058247121256,2.9848386685312196,4.189277825711293
18.370770770770772,3.5906158571456137,2.9886137658651775,4.19261794842605
18.38268268268268,3.5941763732273015,2.992390715843695,4.195962030610908
18.394594594594594,3.5977395984605622,2.9961693301211128,4.199309866800012
18.406506506506506,3.601305335939635,2.9999494205035484,4.202661251375722
18.41841841841842,3.604873388758761,3.003730798935708,4.2060159785818145
18.43033033033033,3.60844356001218,3.0075132774871,4.20937384253726
18.44224224224224,3.612015652794129,3.0112966683376694,4.2127346372505885
18.454154154154153,3.6155894701988522,3.0150807837628473,4.216098156634858
18.466066066066066,3.619164815320589,3.0188654361179914,4.219464194523186
18.47797797797798,3.6227414912535765,3.0226504378222536,4.222832544684899
18.489889889889888,3.626319301092057,3.0264356013418556,4.226203000842259
18.5018018018018,3.6298980479302703,3.0302207391727594,4.229575356687781
18.513713713713713,3.6334775348624553,3.0340056638227564,4.232949405902154
18.525625625625626,3.637057564982854,3.037790187792962,4.236324942172746
18.53753753753754,3.6406379413857044,3.041574123558704,4.239701759212705
18.549449449449448,3.644218467165247,3.04535728354983,4.243079650780664
18.56136136136136,3.6477989454157242,3.049139480130413,4.2464584107010355
18.573273273273273,3.6513791792313732,3.0529205255778504,4.249837832884896
18.585185185185185,3.654958971706434,3.0567002320613827,4.2532177113514855
18.597097097097098,3.658538125935148,3.0604784116200023,4.256597840250294
18.609009009009007,3.662116445011754,3.064254875754351,4.259978014269157
18.62092092092092,3.6656937320304936,3.0680294324864033,4.263358031574584
18.632832832832833,3.669269790085606,3.0718018879249325,4.26673769224628
18.644744744744745,3.672844422271331,3.075572047916639,4.270116796626023
18.656656656656658,3.676417431681908,3.0793397180766484,4.273495145287168
18.668568568568567,3.6799886214115776,3.083104703805866,4.276872539017289
18.68048048048048,3.6835577945545808,3.0868668103080203,4.280248778801141
18.692392392392392,3.6871247542051564,3.0906258426063937,4.283623665803919
18.704304304304305,3.6906893034575448,3.094381605560247,4.286997001354843
18.716216216216218,3.694251245405987,3.098133903880925,4.290368586931049
18.728128128128127,3.6978103831447204,3.101882542147646,4.293738224141794
18.74004004004004,3.7013665197679866,3.1056273248229855,4.297105714712988
18.751951951951952,3.7049194583700276,3.1093680562680333,4.300470860472022
18.763863863863865,3.7084690020450792,3.113104540757226,4.303833463332932
18.775775775775777,3.7120149538873846,3.1168365824928856,4.307193325281883
18.787687687687686,3.715557116991183,3.120563985619408,4.310550248362958
18.7995995995996,3.7190952944507147,3.124286554237148,4.313904034664282
18.81151151151151,3.722629289360219,3.128004092415974,4.3172544863044635
18.823423423423424,3.726158904813936,3.1317164042085066,4.3206014054193655
18.835335335335337,3.7296839439061067,3.1354232936630195,4.323944594149194
18.847247247247246,3.7332042097309683,3.139124564836025,4.327283854625912
18.85915915915916,3.7367195053827644,3.1428200218045332,4.330618988960996
18.87107107107107,3.7402296339557344,3.1465094686779715,4.333949799233498
18.882982982982984,3.743734398544116,3.1501927096097826,4.337276087478449
18.894894894894897,3.747233602242151,3.153869548808699,4.3405976556756025
18.906806806806806,3.750727048144079,3.1575397905496696,4.343914305738488
18.91871871871872,3.7542145393441397,3.1612032391844687,4.34722583950381
18.93063063063063,3.757695878936574,3.164859699151964,4.350532058721184
18.942542542542544,3.761170870015623,3.1685089749880526,4.353832765043193
18.954454454454453,3.764639315675522,3.1721508713352553,4.357127760015788
18.966366366366366,3.768101019010516,3.1757851929519947,4.360416845069038
18.978278278278278,3.7715557831148425,3.179411744721505,4.36369982150818
18.99019019019019,3.775003411082742,3.1830303316604307,4.366976490505053
19.0021021021021,3.778443706008455,3.186640758927073,4.370246653089837
19.014014014014013,3.7818764709862207,3.190242831829295,4.373510110143147
19.025925925925925,3.785301509110281,3.1938363558320977,4.376766662388464
19.037837837837838,3.7887186234748733,3.1974211365648353,4.380016110384911
19.04974974974975,3.7921276171742395,3.2009969798281084,4.383258254520371
19.06166166166166,3.795528293302617,3.2045636916002955,4.386492895004938
19.073573573573572,3.798920454954249,3.208121078043757,4.389719831864741
19.085485485485485,3.8023039052233756,3.2116689455106773,4.392938864936074
19.097397397397398,3.805678447204235,3.215207100548568,4.396149793859902
19.10930930930931,3.8090438839910674,3.218735349905432,4.3993524180767025
19.12122122122122,3.8124000186781113,3.2222535005345643,4.402546536821658
19.133133133133132,3.815746654359611,3.2257613595990238,4.405731949120198
19.145045045045045,3.8190835941298036,3.2292587344757298,4.408908453783877
19.156956956956957,3.822410641082928,3.2327454327592338,4.412075849406623
19.16886886886887,3.825727598313227,3.23622126226513,4.415233934361324
19.18078078078078,3.8290342689149397,3.23968603103311,4.418382506796769
19.19269269269269,3.8323304559823046,3.2431395473296725,4.421521364634937
19.204604604604604,3.8356159626095643,3.2465816196504798,4.424650305568649
19.216516516516517,3.8388905918909564,3.2500120567223534,4.42776912705956
19.22842842842843,3.8421541469207234,3.2534306675049294,4.4308776263365175
19.24034034034034,3.8454064307931013,3.25683726119194,4.4339756003942625
19.25225225225225,3.8486472466023347,3.2602316472121653,4.437062845992504
19.264164164164164,3.8518763974426617,3.2636136352299996,4.440139159655324
19.276076076076077,3.855093686408322,3.2669830351456852,4.4432043376709585
19.28798798798799,3.858298916593554,3.270339657095176,4.446258176091932
19.2998998998999,3.8614918910926006,3.2736833114496537,4.4493004707355475
19.31181181181181,3.8646724129997008,3.277013808814673,4.452331017184728
19.323723723723724,3.867840285409096,3.280330960028961,4.455349610789231
19.335635635635636,3.8709953114150233,3.283634576162842,4.4583560466672045
19.34754754754755,3.874137294111725,3.2869244685163252,4.461350119707125
19.35945945945946,3.8772660365934386,3.290200448616809,4.464331624570068
19.37137137137137,3.8803813419544073,3.2934623282164437,4.467300355692371
19.383283283283284,3.883483013288871,3.296709919289116,4.470256107288626
19.395195195195196,3.886570853691066,3.299943034027081,4.473198673355051
19.40710710710711,3.889644666255237,3.3031614848372435,4.47612784767323
19.419019019019018,3.8927042540756176,3.306365084337045,4.47904342381419
19.43093093093093,3.8957494202464558,3.3095536453500345,4.481945195142877
19.442842842842843,3.898779967861986,3.3127269809010214,4.48483295482295
19.454754754754756,3.9017957000164505,3.3158849042109133,4.487706495821987
19.466666666666665,3.9047964198040876,3.319027228691161,4.490565610917015
19.478578578578578,3.9077819303191395,3.322153767937851,4.493410092700428
19.49049049049049,3.9107520346558458,3.3252643357254295,4.496239733586262
19.502402402402403,3.9137065359084455,3.328358746000058,4.499054325816833
19.514314314314312,3.9166452371711777,3.3314368128726115,4.5018536614697435
19.526226226226225,3.919567941538284,3.334498350611308,4.50463753246526
19.538138138138137,3.9224744521040056,3.3375431736339687,4.5074057305740425
19.55005005005005,3.9253645719625814,3.3405710964999082,4.5101580474252545
19.561961961961963,3.9282381042082495,3.343581933901469,4.5128942745150304
19.573873873873872,3.931094851935251,3.3465755006551827,4.5156142032153195
19.585785785785784,3.9339346182378274,3.349551611692563,4.518317624783092
19.597697697697697,3.9367572062102187,3.3525100820505287,4.521004330369909
19.60960960960961,3.9395624189466627,3.355450726358983,4.523674111534342
19.621521521521522,3.9423500595414014,3.3583733556307855,4.526326763452017
19.63343343343343,3.9451199310886724,3.3612777791231068,4.528962083054238
19.645345345345344,3.947871836682718,3.364163805892557,4.531579867472878
19.657257257257257,3.950605579417779,3.367031244805255,4.534179914030303
19.66916916916917,3.953320962388093,3.3698799045400523,4.536762020236134
19.681081081081082,3.9560177886879013,3.372709593591753,4.53932598378405
19.69299299299299,3.958695861411443,3.375520120274296,4.54187160254859
19.704904904904904,3.961354983652959,3.378311292723933,4.544398674581985
19.716816816816817,3.9639949585066896,3.381082918902372,4.546906998111007
19.72872872872873,3.9666155890668744,3.3838348065999146,4.549396371533835
19.740640640640642,3.9692166784277525,3.3865667634385623,4.551866593416943
19.75255255255255,3.9717980296835633,3.3892785968751107,4.5543174624920155
19.764464464464464,3.9743594459285507,3.3919701142042262,4.556748777652875
19.776376376376376,3.9769007302569523,3.394641122561482,4.559160337952423
19.78828828828829,3.9794216857630067,3.3972914289264002,4.561551942599613
19.8002002002002,3.981922115540956,3.399920840125459,4.563923390956453
19.81211211211211,3.9844018226850384,3.4025291628350796,4.566274482534997
19.824024024024023,3.986860610289497,3.4051162035845985,4.568605016994395
19.835935935935936,3.989298281448569,3.407681768759207,4.570914794137931
19.84784784784785,3.9917146392564953,3.4102256646028857,4.573203613910104
19.85975975975976,3.9941094868075155,3.4127476972213056,4.575471276393726
19.87167167167167,3.9964826271958684,3.4152476725847123,4.577717581807025
19.883583583583583,3.9988338635157987,3.417725396530796,4.579942330500802
19.895495495495496,4.001162998861541,3.420180674767516,4.582145322955566
19.90740740740741,4.003469836327338,3.42261331287594,4.584326359778736
19.91931931931932,4.00575417900743,3.4250231163130316,4.586485241701828
19.93123123123123,4.008015829996055,3.4274098904144283,4.588621769577682
19.943143143143143,4.010254592387454,3.429773440397199,4.59073574437771
19.955055055055055,4.012470269275871,3.432113571362581,4.592826967189162
19.966966966966968,4.014662725575104,3.4344301501182404,4.594895301031968
19.97887887887888,4.01683210673257,3.4367233238950283,4.596940889570113
19.99079079079079,4.018978637731462,3.438993319351802,4.598963956111122
20.002702702702702,4.021102543560187,3.4412403630475135,4.600964724072861
20.014614614614615,4.023204049207154,3.443464681438615,4.602943416975693
20.026526526526524,4.025283379660772,3.445666500881664,4.60490025843988
20.03843843843844,4.027340759909446,3.4478460476358914,4.606835472183001
20.05035035035035,4.029376414941592,3.4500035478657782,4.608749282017406
20.062262262262262,4.031390569745609,3.4521392276435585,4.61064191184766
20.074174174174175,4.03338344930991,3.454253312951763,4.612513585668056
20.086086086086084,4.035355278622904,3.45634602968569,4.614364527560119
20.097997997997997,4.037306282672997,3.4584176036558674,4.616194961690127
20.10990990990991,4.0392366864486,3.460468260590513,4.618005112306687
20.121821821821822,4.041146714938118,3.462498226137936,4.6197952037383
20.133733733733735,4.043036593129961,3.4645077258689487,4.621565460390974
20.145645645645644,4.044906546012538,3.466496985279236,4.623316106745841
20.157557557557556,4.0467567985742585,3.468466229791706,4.625047367356811
20.16946946946947,4.048587575803527,3.4704156847588146,4.626759466848239
20.18138138138138,4.050399102688755,3.472345575464884,4.628452629912626
20.193293293293294,4.05219160421835,3.4742561271283705,4.630127081308329
20.205205205205203,4.053965305380718,3.4761475649041302,4.631783045857306
20.217117117117116,4.0557204311642705,3.478020113885658,4.633420748442883
20.22902902902903,4.057457206557414,3.479873999107292,4.635040414007537
20.24094094094094,4.059175856548559,3.481709445546409,4.636642267550709
20.252852852852854,4.060876606126111,3.4835266781255836,4.6382265341266375
20.264764764764763,4.06255968027848,3.4853259217147388,4.639793438842221
20.276676676676676,4.064225303994073,3.487107401133254,4.641343206854891
20.28858858858859,4.0658737022613005,3.4888713411520706,4.64287606337053
20.3005005005005,4.067505100068567,3.4906179664957495,4.644392233641385
20.312412412412414,4.069119722404287,3.492347501844536,4.645891942964038
20.324324324324323,4.070717794256863,3.4940601718363613,4.647375416677365
20.336236236236235,4.072299540614707,3.495756201068864,4.64884288016055
20.348148148148148,4.073865186466224,3.497435814101347,4.650294558831102
20.36006006006006,4.075414956799825,3.4990992354567423,4.651730678142907
20.371971971971973,4.076949076603917,3.500746689623532,4.653151463584302
20.383883883883883,4.078467770866909,3.5023784010576517,4.654557140676166
20.395795795795795,4.07997126457721,3.5039945941843738,4.6559479349700466
20.407707707707708,4.081459782723228,3.505595493400156,4.6573240720463005
20.41961961961962,4.082933550293369,3.5071813230744757,4.658685777512262
20.431531531531533,4.084392792276042,3.5087523075516387,4.660033277000446
20.443443443443442,4.085837733659659,3.510308671152561,4.661366796166757
20.455355355355355,4.087268599432622,3.511850638176515,4.662686560688728
20.467267267267268,4.088685614583347,3.513378432902887,4.663992796263806
20.47917917917918,4.090089004100236,3.5148922795928548,4.665285728607617
20.491091091091093,4.091478992971702,3.5163924024910997,4.666565583452304
20.503003003003002,4.092855806186147,3.517879025827443,4.667832586544852
20.514914914914915,4.094219668731988,3.5193523738185046,4.669086963645471
20.526826826826827,4.095570805597623,3.520812670669285,4.670328940525961
20.538738738738736,4.096909441771469,3.522260140574781,4.671558742968157
20.550650650650653,4.098235802241931,3.523695007721519,4.672776596762344
20.56256256256256,4.099550111997419,3.525117496289108,4.673982727705731
20.574474474474474,4.100852596026337,3.526527830451738,4.675177361600937
20.586386386386387,4.102143479317099,3.5279262343796796,4.6763607242545175
20.598298298298296,4.103422986858107,3.529312932240729,4.677533041475486
20.61021021021021,4.104691343637777,3.5306881482016594,4.678694539073894
20.62212212212212,4.10594877464451,3.5320521064296124,4.679845442859408
20.634034034034034,4.107195504866717,3.5334050310935003,4.680985978639934
20.645945945945947,4.10843175929281,3.5347471463653615,4.682116372220259
20.657857857857856,4.109657762911191,3.536078676421681,4.6832368494007
20.66976976976977,4.110873740710273,3.5373998454447264,4.68434763597582
20.68168168168168,4.1120799176784635,3.5387108776238043,4.685448957733122
20.693593593593594,4.1132765188041684,3.540011997156535,4.686541040451802
20.705505505505506,4.114463769075797,3.5413034282500817,4.6876241099015115
20.717417417417415,4.115641893481759,3.5425853951223587,4.688698391841159
20.729329329329328,4.116811117010463,3.5438581220032095,4.689764112017716
20.74124124124124,4.117971664650314,3.5451218331355627,4.690821496165066
20.753153153153153,4.119123761389723,3.54637675277657,4.6918707700028754
20.765065065065066,4.120267632217102,3.547623105198708,4.692912159235496
20.776976976976975,4.12140350212085,3.5488611146908404,4.693945889550859
20.788888888888888,4.122531596089384,3.550091005559305,4.694972186619462
20.8008008008008,4.123652139111106,3.5513130021289063,4.695991276093305
20.812712712712713,4.12476535617443,3.5525273287439436,4.697003383604917
20.824624624624626,4.125871472267761,3.5537342097691647,4.698008734766357
20.836536536536535,4.126970712379506,3.55493386959073,4.699007555168281
20.848448448448448,4.128063301498076,3.556126532617136,4.700000070379017
20.86036036036036,4.129149464611878,3.5573124232800986,4.700986505943657
20.872272272272273,4.130229426709321,3.5584917660354423,4.7019670873832
20.884184184184186,4.131303412778814,3.55966478536393,4.702942040193697
20.896096096096095,4.132371647808762,3.560831705772089,4.703911589845435
20.908008008008007,4.133434356787579,3.5619927517930083,4.70487596178215
20.91991991991992,4.134491764703669,3.56314814798709,4.705835381420248
20.931831831831833,4.135544096545438,3.5642981189427996,4.706790074148076
20.943743743743745,4.136591577301304,3.5654428892773904,4.707740265325217
20.955655655655654,4.137634431959664,3.566582683637555,4.708686180281773
20.967567567567567,4.138672885508933,3.5677177267001285,4.709628044317738
20.97947947947948,4.13970716293752,3.5688482431726936,4.710566082702346
20.991391391391392,4.1407374892338265,3.569974457794192,4.711500520673461
21.003303303303305,4.141764089386267,3.571096595335522,4.712431583437011
21.015215215215214,4.142787188383248,3.572214880600073,4.713359496166423
21.027127127127127,4.143807011213177,3.5733295384242596,4.714284484002094
21.03903903903904,4.144823782864465,3.57444079367803,4.715206772050901
21.05095095095095,4.145837728325518,3.5755488712653243,4.716126585385712
21.062862862862865,4.146849072584745,3.5766539961245374,4.717044149044953
21.074774774774774,4.1478580406305525,3.5777563932289285,4.717959688032177
21.086686686686686,4.148864857451353,3.578856287587025,4.718873427315682
21.0985985985986,4.149869748035552,3.5799539042429758,4.7197855918281295
21.110510510510508,4.150872937371556,3.5810494682768987,4.720696406466214
21.12242242242242,4.151874650447778,3.5821432048052,4.721606096090355
21.134334334334334,4.152875112252621,3.583235338980844,4.722514885524399
21.146246246246246,4.153874547774499,3.5843260959936267,4.723422999555371
21.15815815815816,4.154873182001815,3.585415701070395,4.724330662933235
21.170070070070068,4.1558712399229805,3.586504379475264,4.725238100370698
21.18198198198198,4.1568689465264015,3.5875923565097807,4.726145536543022
21.193893893893893,4.15786652680049,3.5886798575130894,4.7270531960878905
21.205805805805806,4.158864205733652,3.589767107862039,4.727961303605264
21.21771771771772,4.159862208314295,3.5908543329712885,4.728870083657301
21.229629629629628,4.160860759530828,3.5919417582933733,4.729779760768283
21.24154154154154,4.161860084371662,3.59302960931875,4.730690559424575
21.253453453453453,4.162860407825201,3.5941181115757974,4.731602704074605
21.265365365365366,4.163861954879853,3.5952074906308176,4.732516419128888
21.27727727727728,4.164864950524032,3.5962979720879944,4.733431928960068
21.289189189189187,4.165869619746143,3.597389781589314,4.734349457902972
21.3011011011011,4.1668761875345925,3.598483144814473,4.735269230254712
21.313013013013013,4.167884878877793,3.599578287480766,4.73619147027482
21.324924924924925,4.168895918764146,3.6006754353429162,4.737116402185375
21.336836836836838,4.169909532182069,3.6017748141929222,4.738044250171216
21.348748748748747,4.170925944119962,3.6028766498598217,4.738975238380103
21.36066066066066,4.171945379566238,3.603981168209485,4.7399095909229905
21.372572572572572,4.1729680635093045,3.605088595144341,4.740847531874268
21.384484484484485,4.173994220937569,3.6061991566030893,4.741789285272049
21.396396396396398,4.175024076839441,3.607313078560388,4.742735075118494
21.408308308308307,4.1760578562033235,3.6084305870265014,4.7436851253801455
21.42022022022022,4.177095784017633,3.6095519080469485,4.744639659988317
21.432132132132132,4.178138085270774,3.6106772677020804,4.745598902839468
21.444044044044045,4.1791849849511555,3.611806892106664,4.746563077795647
21.455955955955957,4.180236708047187,3.61294100740943,4.747532408684943
21.467867867867866,4.181293479547272,3.6140798397925815,4.748507119301963
21.47977977977978,4.182355524439821,3.615223615471293,4.749487433408349
21.491691691691692,4.183423067713249,3.6163725606931783,4.750473574733319
21.503603603603604,4.184496334355953,3.617526901737695,4.751465766974211
21.515515515515517,4.185575549356347,3.6186868649155874,4.752464233797107
21.527427427427426,4.186660937702841,3.619852676568246,4.753469198837436
21.53933933933934,4.187752724383842,3.621024563067058,4.754480885700627
21.55125125125125,4.188851134387757,3.6222027508127312,4.755499517962782
21.563163163163164,4.189956392702995,3.623387466234596,4.756525319171394
21.575075075075077,4.191068724317967,3.6245789357898657,4.757558512846068
21.586986986986986,4.1921883542210745,3.6257773859628677,4.758599322479281
21.5988988988989,4.1933155074007304,3.6269830432642753,4.759647971537186
21.61081081081081,4.194450408845347,3.6281961342302775,4.760704683460416
21.62272272272272,4.195593283543325,3.6294168854217257,4.7617696816649255
21.634634634634633,4.196744356483078,3.6306455234232784,4.762843189542878
21.646546546546546,4.1979038526530115,3.6318822748424875,4.7639254304635354
21.65845845845846,4.1990719970415356,3.6331273663088783,4.765016627774193
21.67037037037037,4.2002490146370555,3.6343810244729817,4.76611700480113
21.68228228228228,4.201435130427982,3.6356434760053604,4.767226784850604
21.694194194194193,4.202630569402728,3.6369149475955918,4.768346191209863
21.706106106106105,4.203835556549692,3.638195665951214,4.769475447148171
21.718018018018018,4.205050316857286,3.6394858577966755,4.770614775917896
21.72992992992993,4.206275075313924,3.6407857498722365,4.771764400755611
21.74184184184184,4.207510056908007,3.642095568932822,4.7729245448831925
21.753753753753752,4.208755486627945,3.643415541746889,4.774095431509001
21.765665665665665,4.210011589462153,3.6447458950952445,4.775277283829061
21.777577577577578,4.211278590399029,3.6460868557698127,4.776470325028246
21.78948948948949,4.212556714426988,3.6474386505724263,4.77767477828155
21.8014014014014,4.213846186534436,3.64880150631354,4.778890866755332
21.813313313313312,4.215147231709781,3.650175649810943,4.7801188136086195
21.825225225225225,4.216460074941434,3.6515613078884375,4.781358841994431
21.837137137137137,4.2177849412178,3.652958707374479,4.78261117506112
21.84904904904905,4.219122055527292,3.6543680751008125,4.783876035953771
21.86096096096096,4.2204716428583104,3.6557896379010417,4.785153647815579
21.872872872872872,4.221833928199272,3.657223622609223,4.786444233789322
21.884784784784785,4.2232091365385775,3.658670256058368,4.787748017018787
21.896696696696697,4.2245974928646435,3.6601297650789872,4.7890652206503
21.90860860860861,4.22599922216587,3.661602376497532,4.790396067834209
21.92052052052052,4.227414549430671,3.663088317134876,4.791740781726467
21.93243243243243,4.228843699647454,3.6645878138047223,4.793099585490186
21.944344344344344,4.230286897804626,3.6661010933119997,4.794472702297251
21.956256256256257,4.231744368890594,3.667628382451231,4.795860355329956
21.96816816816817,4.233216337893768,3.6691699080048723,4.797262767782663
21.98008008008008,4.2347030298025565,3.670725896741619,4.798680162863493
21.99199199199199,4.23620466960537,3.672296575414691,4.800112763796049
22.003903903903904,4.237721482290613,3.673882170760075,4.801560793821151
22.015815815815817,4.239253692846693,3.67548290949476,4.803024476198625
22.02772772772773,4.240801526262023,3.6770990183149364,4.804504034209109
22.03963963963964,4.2423652075250065,3.6787307238941467,4.805999691155867
22.05155155155155,4.243944961624057,3.6803782528814426,4.8075116703666705
22.063463463463464,4.2455410135475775,3.6820418318994808,4.809040195195674
22.075375375375376,4.2471535882839815,3.6837216875426204,4.8105854890253426
22.08728728728729,4.248782910821671,3.685418046374959,4.812147775268382
22.099199199199198,4.250429206149061,3.68713113492838,4.8137272773697415
22.11111111111111,4.252092699254558,3.6888611797005293,4.815324218808586
22.123023023023023,4.253773615126567,3.690608407152793,4.816938823100342
22.134934934934932,4.255472178753497,3.692373043708236,4.818571313798757
22.14684684684685,4.2571886151237575,3.6941553157495215,4.820221914497994
22.158758758758758,4.258923149225761,3.695955449616785,4.821890848834737
22.17067067067067,4.26067600604791,3.697773671605483,4.823578340490337
22.182582582582583,4.262447410578614,3.699610207964235,4.825284613192992
22.194494494494492,4.26423758780628,3.7014652848926115,4.827009890719948
22.206406406406405,4.266046762719322,3.703339128538911,4.828754396899733
22.218318318318317,4.267875160306141,3.7052319649978838,4.830518355614398
22.23023023023023,4.269723005555152,3.707144020308468,4.832301990801836
22.242142142142143,4.271590523454758,3.70907552045145,4.8341055264580675
22.254054054054052,4.27347793899337,3.711026691347136,4.8359291866396035
22.265965965965965,4.275385477159397,3.712997758852975,4.83777319546582
22.277877877877877,4.277313362941247,3.714988948761149,4.839637777121346
22.28978978978979,4.279261821327325,3.717000486796149,4.841523155858502
22.301701701701703,4.281231077306043,3.7190325986123196,4.8434295559997675
22.31361361361361,4.283221355865808,3.721085509791363,4.845357201940253
22.325525525525524,4.285232881995031,3.7231594458398307,4.847306318150232
22.337437437437437,4.2872658806821144,3.725254632186565,4.849277129177664
22.34934934934935,4.28932057691547,3.727371294180146,4.851269859650794
22.361261261261262,4.291397195683507,3.7295096570862745,4.853284734280739
22.37317317317317,4.293495961974633,3.731669946085148,4.855321977864119
22.385085085085084,4.295617100777257,3.7338523862687953,4.857381815285718
22.396996996996997,4.297760837079784,3.7360572026383947,4.859464471521174
22.40890890890891,4.299927395870626,3.738284620101558,4.861570171639695
22.420820820820822,4.302117002138191,3.7405348634695823,4.8636991408067995
22.43273273273273,4.304329880870883,3.7428081574546748,4.865851604287092
22.444644644644644,4.306566257057117,3.7451047266671624,4.868027787447072
22.456556556556556,4.308826355685299,3.7474247956126447,4.870227915757953
22.46846846846847,4.311110401743834,3.749768588689142,4.872452214798526
22.48038038038038,4.313418620221132,3.752136330184212,4.874700910258051
22.49229229229229,4.315751236105601,3.7545282442720302,4.876974227939173
22.504204204204203,4.318108474385655,3.756944555010446,4.879272393760863
22.516116116116116,4.320490560049693,3.7593854863379983,4.881595633761388
22.52802802802803,4.322897718086129,3.761851262070934,4.883944174101325
22.53993993993994,4.325330173483369,3.76434210590016,4.886318241066578
22.55185185185185,4.327788151229824,3.766858241388196,4.888718061071453
22.563763763763763,4.330271876313901,3.7693998919660787,4.891143860661724
22.575675675675676,4.332781573724008,3.771967280930248,4.893595866517767
22.58758758758759,4.335317468448553,3.774560631439406,4.8960743054577
22.5994994994995,4.337879785475946,3.7771801665113425,4.898579404440548
22.61141141141141,4.340468749794591,3.7798261090197283,4.901111390569454
22.623323323323323,4.343084586392904,3.7824986816909,4.903670491094909
22.635235235235236,4.345727520259285,3.785198107100579,4.90625693341799
22.647147147147145,4.348397776382146,3.787924607670612,4.908870945093681
22.65905905905906,4.351095579749899,3.7906784056656377,4.91151275383416
22.67097097097097,4.3538211553509445,3.7934597231897444,4.914182587512144
22.682882882882883,4.356574728173697,3.7962687821831134,4.91688067416428
22.694794794794795,4.359356523206562,3.7991058044186037,4.91960724199452
22.706706706706704,4.362166765437951,3.801971011498337,4.922362519377565
22.718618618618617,4.365005679856266,3.8048646248502265,4.925146734862306
22.73053053053053,4.367873491449923,3.807786865724516,4.92796011717533
22.742442442442442,4.370770425207325,3.8107379551902465,4.930802895224403
22.754354354354355,4.373696706116881,3.8137181141317305,4.933675298102032
22.766266266266264,4.376652559167001,3.816727563244979,4.9365775550890225
22.778178178178177,4.379638209346092,3.8197665230341102,4.939509895658075
22.79009009009009,4.382653881642564,3.8228352138077217,4.942472549477406
22.802002002002002,4.385699801044824,3.825933855672693,4.945465746416955
22.813913913913915,4.38877619254128,3.8290626676994233,4.948489717383136
22.825825825825824,4.39188328112034,3.8322218667991397,4.951544695441541
22.837737737737736,4.395021291770413,3.8354116695596954,4.954630913981131
22.84964964964965,4.398190449479911,3.838632292564982,4.95774860639484
22.86156156156156,4.401390979237235,3.8418839524001323,4.960898006074339
22.873473473473474,4.404623119270843,3.8451668788966398,4.964079359645046
22.885385385385383,4.407887330200573,3.848481524288579,4.967293136112568
22.897297297297296,4.411184257179394,3.851828525359079,4.970539988999708
22.90920920920921,4.414514550945913,3.8552085243072263,4.9738205775846005
22.92112112112112,4.417878862238751,3.8586221618601444,4.977135562617357
22.933033033033034,4.421277841796515,3.8620700781692605,4.98048560542377
22.944944944944943,4.424712140357816,3.865552913579607,4.9838713671360235
22.956856856856856,4.4281824086612716,3.8690713086441177,4.987293508678425
22.96876876876877,4.43168929744549,3.872625904132474,4.990752690758506
22.98068068068068,4.435233457449086,3.876217341039471,4.994249573858701
22.992592592592594,4.43881553941067,3.879846260592821,4.997784818228519
23.004504504504503,4.442436194068856,3.8835133042604477,5.001359083877264
23.016416416416416,4.4460960721622556,3.8872191137572374,5.004973030567274
23.028328328328328,4.449795824429482,3.89096433105127,5.008627317807694
23.04024024024024,4.453536101609148,3.894749598369514,5.012322604848783
23.052152152152154,4.457317554439865,3.898575558202988,5.016059550676743
23.064064064064063,4.461140833660245,3.902442853311399,5.019838814009091
23.075975975975975,4.4650065900089,3.9063521267272407,5.02366105329056
23.087887887887888,4.468915474224445,3.910304021759364,5.027526926689525
23.0997997997998,4.4728681370454915,3.914299181996008,5.031437092094976
23.111711711711713,4.476865229210652,3.9183382513072997,5.035392207114005
23.123623623623622,4.480907401458536,3.922421873847221,5.039392929069851
23.135535535535535,4.484995304527758,3.926550694055049,5.043439915000467
23.147447447447448,4.489129589156934,3.930725356656246,5.047533821657622
23.159359359359357,4.493310906084669,3.9349465066628087,5.051675305506529
23.171271271271273,4.497539906049583,3.939214789373121,5.055865022726044
23.183183183183182,4.501817239790283,3.943530850371214,5.060103629209351
23.195095095095095,4.506143558045386,3.9478953355255406,5.064391780565231
23.207007007007007,4.510519511553498,3.9523088909871698,5.068730132119826
23.218918918918916,4.514945751053234,3.956772163187485,5.073119338918983
23.23083083083083,4.519422927283212,3.9612857988353167,5.077560055731107
23.242742742742742,4.523951690982038,3.965850444913534,5.082052937050542
23.254654654654654,4.528532692888327,3.9704667486751237,5.086598637101531
23.266566566566567,4.533166583740691,3.975135357638708,5.091197809842674
23.278478478478476,4.537854014277742,3.979856919583536,5.095851108971948
23.29039039039039,4.542595635238093,3.9846320825439303,5.100559187932255
23.3023023023023,4.5473920973603565,3.989461494803197,5.105322699917516
23.314214214214214,4.552244051383145,3.994345804886996,5.110142297879293
23.326126126126127,4.557152148045069,3.9992856615561725,5.115018634533965
23.338038038038036,4.562117038084742,4.004281713799052,5.119952362370433
23.34994994994995,4.5671393722407805,4.009334610823192,5.124944133658369
23.36186186186186,4.572219801251791,4.014445002046589,5.1299946004569925
23.373773773773774,4.577358975856388,4.019613537088366,5.13510441462441
23.385685685685687,4.582557546793184,4.024840865758898,5.14027422782747
23.397597597597596,4.587816164800791,4.030127638049407,5.1455046915521745
23.40950950950951,4.593135480617823,4.0354745041210265,5.15079645711462
23.42142142142142,4.598516144982892,4.040882114293309,5.156150175672476
23.433333333333334,4.6039588086346095,4.046351119032204,5.161566498237015
23.445245245245246,4.609464122311589,4.051882168937507,5.167046075685672
23.457157157157155,4.615032736752438,4.057475914729739,5.172589558775137
23.469069069069068,4.620665302695778,4.06313300723654,5.178197598155015
23.48098098098098,4.626362470880215,4.068854097378449,5.183870844381981
23.492892892892893,4.632124892044364,4.074639836154216,5.189609947934511
23.504804804804806,4.637953216926835,4.080490874625537,5.195415559228134
23.516716716716715,4.643848096266242,4.086407863901258,5.201288328631226
23.528628628628628,4.649810180801198,4.09239145512105,5.207228906481345
23.54054054054054,4.655840121270313,4.09844229943853,5.213237943102096
23.55245245245245,4.661938568412201,4.10456104800386,5.219316088820542
23.564364364364366,4.66810617296548,4.110748351945802,5.225463993985158
23.576276276276275,4.674343585668749,4.11700486235322,5.231682308984279
23.588188188188187,4.680651457260634,4.1233312302560945,5.237971684265173
23.6001001001001,4.6870304384797405,4.1297281066059295,5.244332770353552
23.61201201201201,4.69348118006468,4.136196141765534,5.250766218363825
23.623923923923925,4.70000433275407,4.1427359840599784,5.257272681448162
23.635835835835834,4.706600547286519,4.149348281200332,5.263852813372706
23.647747747747747,4.713270460828707,4.156033667177449,5.270507254479965
23.65965965965966,4.720013438568954,4.1627915038577985,5.27723537328011
23.67157157157157,4.72682655296483,4.169618860233192,5.284034245696469
23.683483483483485,4.733706636261613,4.176512564941187,5.290900707582039
23.695395395395394,4.740650520704563,4.183469446479151,5.297831594929974
23.707307307307307,4.74765503853895,4.190486333205921,5.304823743871979
23.71921921921922,4.754717022010041,4.1975600533432464,5.311873990676836
23.73113113113113,4.761833303363106,4.20468743497711,5.318979171749103
23.743043043043045,4.769000714843415,4.211865306058865,5.326136123627965
23.754954954954954,4.776216088696227,4.219090494406204,5.33334168298625
23.766866866866867,4.783476257166821,4.226359827704015,5.340592686629626
23.77877877877878,4.790778052500454,4.233670133504997,5.347885971495911
23.79069069069069,4.7981183069424,4.241018239230194,5.355218374654606
23.802602602602605,4.805493852737932,4.248400972164637,5.362586733311227
23.814514514514514,4.812901522132306,4.255815158673431,5.369987885591182
23.826426426426426,4.8203381473708,4.263257623354675,5.377418671386924
23.83833833833834,4.827800560698676,4.270725190548626,5.384875930848725
23.850250250250248,4.835285594361199,4.2782146845724425,5.392356504149956
23.862162162162164,4.842790080603648,4.2857229297384745,5.399857231468822
23.874074074074073,4.850310851671279,4.293246750371782,5.407374952970775
23.885985985985986,4.8578447398093685,4.300782970826991,5.414906508791746
23.8978978978979,4.865388577263179,4.308328415504324,5.422448739022034
23.909809809809808,4.872939196277979,4.31587990886497,5.429998483690989
23.92172172172172,4.8804934290990385,4.323434275445672,5.437552582752405
23.933633633633633,4.8880481079716285,4.330988339872595,5.445107876070662
23.945545545545546,4.895600065141008,4.338538926874426,5.45266120340759
23.95745745745746,4.903146132852452,4.346082861294798,5.460209404410106
23.969369369369367,4.910683143351223,4.353616968103897,5.467749318598549
23.98128128128128,4.918207928882595,4.361138072409394,5.475277785355795
23.993193193193193,4.925717321691831,4.368642999466586,5.482791643917076
24.005105105105105,4.933208154024202,4.376128574687838,5.4902877333605655
24.017017017017018,4.940677258124973,4.383591623651254,5.497762892598692
24.028928928928927,4.948121466239412,4.391028972108626,5.505213960370198
24.04084084084084,4.95553761061279,4.3984374459926325,5.512637775232948
24.052752752752752,4.9629225234903735,4.405813871423291,5.520031175557456
24.06466466466466,4.970273037117425,4.4131550747136785,5.527390999521172
24.076576576576578,4.977585983739224,4.4204578823749205,5.534714085103527
24.088488488488487,4.984858195601028,4.427719121120389,5.541997270081667
24.1004004004004,4.99208650494811,4.434935617869226,5.549237392026993
24.112312312312312,4.999267744025733,4.442104199749073,5.556431288302393
24.12422422422422,5.006398745079168,4.449221694098083,5.563575796060253
24.136136136136138,5.0134763403536855,4.456284928466185,5.570667752241186
24.148048048048047,5.02049736209455,4.463290730615591,5.577703993573508
24.15995995995996,5.02745864254703,4.470235928520592,5.584681356573468
24.171871871871872,5.034357013956393,4.477117350366578,5.5915966775462085
24.18378378378378,5.041189308567906,4.483931824548338,5.598446792587473
24.195695695695697,5.047952358626842,4.490676179667623,5.605228537586062
24.207607607607606,5.054642996378461,4.4973472445299185,5.611938748227003
24.21951951951952,5.061258054068038,4.503941848140562,5.618574259995513
24.23143143143143,5.067794363940835,4.510456819700025,5.625131908181645
24.24334334334334,5.0742487582421205,4.516888988598524,5.631608527885717
24.255255255255257,5.080618069217172,4.523235184409865,5.638000954024479
24.267167167167166,5.0868991291599235,4.5294922369332,5.644306021386647
24.27907907907908,5.093089512696123,4.535657718468539,5.650521306923706
24.29099099099099,5.09918941275763,4.541731819782682,5.6566470057325775
24.3029029029029,5.105199599257238,4.547715308774921,5.662683889739555
24.314814814814817,5.111120842107756,4.553608953486266,5.668632730729246
24.326726726726726,5.116953911221967,4.5594135220888194,5.674494300355114
24.33863863863864,5.12269957651268,4.565129782874494,5.680269370150866
24.35055055055055,5.128358607892688,4.570758504242904,5.6859587115424715
24.36246246246246,5.133931775274787,4.576300454688591,5.6915630958609835
24.374374374374376,5.139419848571782,4.581756402787481,5.697083294356083
24.386286286286285,5.144823597696459,4.587127117182596,5.7025200782103225
24.398198198198198,5.150143792561625,4.592413366569079,5.7078742185541715
24.41011011011011,5.155381203080077,4.597615919455347,5.713146486704808
24.42202202202202,5.160536599164608,4.602735542946306,5.718337655382911
24.433933933933936,5.165610750728021,4.607773003570563,5.723448497885479
24.445845845845845,5.170604427683107,4.612729067823871,5.7284797875423425
24.457757757757758,5.1755183999426695,4.617604502169299,5.73343229771604
24.46966966966967,5.180353437419505,4.62240007303585,5.73830680180316
24.48158158158158,5.185110310026409,4.627116546816807,5.743104073236011
24.493493493493492,5.189789787676181,4.631754689867814,5.747824885484548
24.505405405405405,5.194392640281618,4.636315268504669,5.752470012058566
24.517317317317318,5.198919637755519,4.640799049000846,5.757040226510191
24.52922922922923,5.20337155001068,4.645206797584747,5.761536302436614
24.54114114114114,5.207749146959897,4.649539280436665,5.76595901348313
24.553053053053052,5.212053198515973,4.653797263685502,5.770309133346443
24.564964964964965,5.216284474591701,4.65798151340517,5.774587435778232
24.576876876876877,5.220443745099882,4.6620927956107625,5.778794694589001
24.58878878878879,5.224531779953309,4.666131876254415,5.782931683652203
24.6007007007007,5.228549349064783,4.670099521220841,5.786999176908726
24.61261261261261,5.232497222347101,4.673996495841527,5.7909979488526755
24.624524524524524,5.236376169713064,4.67782356375838,5.794928775667748
24.636436436436433,5.240186961075462,4.6815814882065645,5.79879243394436
24.64834834834835,5.243930366347102,4.685271032365412,5.802589700328792
24.66026026026026,5.247607155440774,4.688892959371022,5.806321351510527
24.67217217217217,5.2512180982692795,4.692448032328435,5.809988164210124
24.684084084084084,5.254763964745414,4.695937014323292,5.813590915167536
24.695995995995993,5.258245524781976,4.699360668433025,5.8171303811309265
24.70790790790791,5.261663548291765,4.702719757737556,5.820607338845974
24.71981981981982,5.2650188051875775,4.706015045329516,5.824022565045639
24.73173173173173,5.268312065382209,4.709247294323981,5.827376836440437
24.743643643643644,5.27154409878846,4.712417267867734,5.830670929709186
24.755555555555553,5.274715675319126,4.715525729148028,5.833905621490225
24.76746746746747,5.277827564908525,4.718573441422391,5.837081688394658
24.779379379379378,5.280880623488245,4.721561254002198,5.840199992974291
24.79129129129129,5.283875988409449,4.724490297682277,5.84326167913662
24.803203203203203,5.28681485449802,4.727361760802909,5.84626794819313
24.815115115115113,5.289698416579841,4.730176831781456,5.849220001378226
24.82702702702703,5.292527869480801,4.732936699118245,5.852119039843357
24.838938938938938,5.2953044080267855,4.73564255140195,5.854966264651621
24.85085085085085,5.298029227043677,4.738295577314501,5.857762876772853
24.862762762762763,5.30070352135736,4.740896965635517,5.860510077079204
24.874674674674672,5.303328485793723,4.74344790524625,5.863209066341196
24.88658658658659,5.305905315178648,4.7459495851330455,5.86586104522425
24.898498498498498,5.308435204338022,4.748403194390331,5.8684672142857135
24.91041041041041,5.310919348097729,4.750809922223106,5.871028773972351
24.922322322322323,5.313358941283655,4.753170957948978,5.873546924618331
24.934234234234232,5.315755178721683,4.755487490999684,5.876022866443682
24.946146146146148,5.318109255237702,4.757760710922171,5.8784577995532326
24.958058058058057,5.320422365657593,4.759991807379153,5.8808529239360325
24.96996996996997,5.322695704807245,4.762181970149235,5.883209439465255
24.981881881881883,5.324930467512538,4.764332389126509,5.885528545898567
24.99379379379379,5.327127848599362,4.766444254319726,5.8878114428789985
25.005705705705704,5.329289042893601,4.768518755850937,5.890059329936265
25.017617617617617,5.331415245221138,4.770557083953692,5.892273406488584
25.02952952952953,5.333507650407862,4.772560428970753,5.894454871844971
25.041441441441442,5.33556745327965,4.774529981351316,5.896604925207985
25.05335335335335,5.337595848662397,4.776466931647793,5.8987247656770005
25.065265265265264,5.339594031381984,4.778372470512073,5.900815592251895
25.077177177177177,5.341563196264296,4.7802477886913435,5.902878603837249
25.08908908908909,5.343504538135217,4.782094077023422,5.904914999247011
25.101001001001002,5.345419251820632,4.7839125264313465,5.906925977209917
25.11291291291291,5.347308532146429,4.785704327314333,5.908912736978525
25.124824824824824,5.34917357393849,4.787470668240263,5.910876479636717
25.136736736736736,5.351015572022702,4.789212737423094,5.912818406622311
25.148648648648646,5.352835721224951,4.790931723088977,5.914739719360925
25.160560560560562,5.354635216371119,4.79262881348203,5.916641619260209
25.17247247247247,5.356415252287094,4.79430519686984,5.918525307704347
25.184384384384384,5.358177023798757,4.7959620615486855,5.920391986048829
25.196296296296296,5.359921725732001,4.797600595848509,5.922242855615492
25.208208208208205,5.361650552912702,4.799221988137581,5.924079117687824
25.22012012012012,5.363364700166751,4.80082742682695,5.925901973506552
25.23203203203203,5.365065362320029,4.8024181003745685,5.927712624265489
25.243943943943943,5.366753734198427,4.8039951972892005,5.929512271107653
25.255855855855856,5.368431010627823,4.805559906134002,5.931302115121644
25.267767767767765,5.370098386434109,4.807113415529897,5.9330833573383215
25.27967967967968,5.371757056443166,4.808656914158628,5.934857198727705
25.29159159159159,5.373408215480878,4.810191590765575,5.936624840196181
25.303503503503503,5.375053058373133,4.811718634162299,5.938387482583968
25.315415415415416,5.376692779945817,4.813239233228799,5.940146326662834
25.327327327327325,5.378328575024811,4.814754576915521,5.9419025731341
25.33923923923924,5.3799616384360025,4.816265854245101,5.943657422626904
25.35115115115115,5.381593165005276,4.817774254313818,5.9454120756967335
25.363063063063063,5.383224349558519,4.819280966292815,5.947167732824224
25.374974974974975,5.384856386921614,4.82078717942901,5.948925594414218
25.386886886886884,5.386490471920444,4.822294083045785,5.950686860795104
25.3987987987988,5.3881277993809,4.823802866543383,5.952452732218417
25.41071071071071,5.389769564128864,4.825314719399041,5.954224408858686
25.422622622622622,5.39141696099022,4.826830831166863,5.956003090813578
25.434534534534535,5.393071184790854,4.828352391477432,5.957789978104276
25.446446446446444,5.394733430356653,4.829880590037151,5.959586270676155
25.45835835835836,5.396404892513498,4.831416616627319,5.9613931683996775
25.47027027027027,5.398086766087279,4.832961661102954,5.963211871071604
25.482182182182182,5.3997802459038775,4.8345169133913375,5.9650435784164175
25.494094094094095,5.401486526789178,4.83608356349031,5.966889490088046
25.506006006006004,5.403206803569069,4.837662801466306,5.968750805671832
25.517917917917917,5.404942271069434,4.839255817452105,5.970628724686763
25.52982982982983,5.40669412411616,4.840863801644356,5.972524446587964
25.541741741741742,5.408463557535127,4.842487944300804,5.9744391707694495
25.553653653653654,5.410251766152225,4.8441294357373,5.97637409656715
25.565565565565564,5.412059944793335,4.845789466324507,5.978330423262164
25.577477477477476,5.413889288284348,4.847469226484386,5.980309350084309
25.58938938938939,5.415740991451143,4.849169906686391,5.982312076215895
25.6013013013013,5.41761624911961,4.850892697443437,5.984339800795783
25.613213213213214,5.419516256115629,4.852638789307587,5.986393722923671
25.625125125125123,5.421442207265091,4.854409372865506,5.988475041664676
25.637037037037036,5.423395297393876,4.8562056387336305,5.990584956054121
25.64894894894895,5.425376721327871,4.858028777553117,5.992724665102625
25.660860860860858,5.427387673892961,4.859879979984513,5.994895367801409
25.672772772772774,5.429429349915035,4.861760436702187,5.997098263127882
25.684684684684683,5.431502944219971,4.863671338388491,5.999334550051451
25.696596596596596,5.433609651633657,4.865613875727697,6.001605427539617
25.70850850850851,5.435750666981981,4.8675892393996705,6.003912094564292
25.720420420420417,5.437927185090824,4.8695986200732735,6.006255750108374
25.732332332332334,5.440140400786076,4.871643208399567,6.008637593172585
25.744244244244243,5.442391508893616,4.873724195004707,6.011058822782525
25.756156156156155,5.444681704239333,4.875842770482652,6.013520637996013
25.768068068068068,5.447012181649111,4.8780001253875795,6.016024237910642
25.779979979979977,5.4493841359488355,4.880197450226078,6.018570821671593
25.791891891891893,5.451798761964392,4.882435935449093,6.021161588479691
25.803803803803802,5.454257254521666,4.88471677144363,6.023797737599702
25.815715715715715,5.456760800238602,4.887041140316268,6.026480460160935
25.827627627627628,5.459310239762716,4.889409878121896,6.029210601403536
25.839539539539537,5.461905948109456,4.891823355193044,6.031988541025867
25.851451451451453,5.46454826749008,4.8942819089585115,6.034814626021648
25.863363363363362,5.467237540115848,4.896785876738049,6.037689203493647
25.875275275275275,5.469974108198023,4.899335595732628,6.040612620663417
25.887187187187187,5.472758313947864,4.901931403014471,6.043585224881257
25.899099099099097,5.475590499576633,4.904573635516839,6.046607363636427
25.911011011011013,5.47847100729559,4.907262629459755,6.049679385131425
25.922922922922922,5.481400179315996,4.909998718114634,6.052801640517357
25.934834834834835,5.48437835784911,4.912782233837729,6.055974481860491
25.946746746746747,5.487405885106195,4.915613508987861,6.059198261224529
25.958658658658656,5.490483103298511,4.918492875943581,6.062473330653441
25.970570570570572,5.493610354637318,4.921420667119336,6.0658000421553
25.98248248248248,5.496787981333877,4.924397214980943,6.06917874768681
25.994394394394394,5.50001632559945,4.927422852060368,6.072609799138532
26.006306306306307,5.503295729645296,4.930497910969811,6.076093548320781
26.018218218218216,5.506626535682674,4.933622724415111,6.079630346950237
26.030130130130132,5.510009085922851,4.936797625208468,6.083220546637234
26.04204204204204,5.513443722577082,4.940022946280442,6.086864498873722
26.053953953953954,5.51693078785663,4.943299020691314,6.090562555021946
26.065865865865867,5.520470623972754,4.946626181641724,6.094315066303784
26.077777777777776,5.524063573136718,4.950004762482646,6.098122383790789
26.08968968968969,5.527709977559778,4.953435096724656,6.1019848583949
26.1016016016016,5.531410179453198,4.956917518046552,6.105902840859844
26.113513513513514,5.535164521028238,4.960452360303257,6.10987668175322
26.125425425425426,5.538973344496159,4.9640399575330605,6.113906731459258
26.137337337337335,5.542836992068222,4.967680643964182,6.117993340172261
26.149249249249248,5.546755805955686,4.971374754020644,6.1221368578907285
26.16116116116116,5.550730128369812,4.9751226223274845,6.12633763441214
26.173073073073073,5.554760301521864,4.978924583715285,6.1305960193284434
26.184984984984986,5.558846667623099,4.9827809732240205,6.1349123620221775
26.196896896896895,5.562989568884778,4.9866921261062505,6.139287011663306
26.208808808808808,5.567189347518162,4.9906583778296305,6.143720317206693
26.22072072072072,5.571446345734515,4.994680064078762,6.148212627390268
26.23263263263263,5.575760905745092,4.998757520756354,6.15276429073383
26.244544544544546,5.580133369761159,5.002891083983759,6.157375655538559
26.256456456456455,5.584564079993973,5.007081090100799,6.162047069887146
26.268368368368368,5.589053378654795,5.0113278756649695,6.166778881644621
26.28028028028028,5.593601607954888,5.015631777449957,6.171571438459819
26.29219219219219,5.598209110105512,5.01999313244351,6.176425087767514
26.304104104104105,5.602876227317929,5.024412277844655,6.1813401767912035
26.316016016016015,5.607603301803396,5.028889551060246,6.186317052546546
26.327927927927927,5.612390675773175,5.0334252897008875,6.191356061845462
26.33983983983984,5.617238691438527,5.038019831576178,6.196457551300877
26.35175175175175,5.622147691010713,5.042673514689327,6.201621867332098
26.363663663663665,5.6271180167009955,5.047386677231123,6.206849356170868
26.375575575575574,5.632150010720632,5.052159657573242,6.212140363868022
26.387487487487487,5.637244015280883,5.056992794260944,6.217495236300822
26.3993993993994,5.6424003725930145,5.061886426005116,6.222914319180913
26.41131131131131,5.64761942486828,5.066840891673665,6.228397958062895
26.423223223223225,5.652901514317948,5.071856530282315,6.233946498353581
26.435135135135134,5.658246983153272,5.076933680984729,6.239560285321814
26.447047047047047,5.663656173585515,5.082072683062048,6.245239664108983
26.45895895895896,5.669129427825939,5.087273875911767,6.250984979740111
26.47087087087087,5.674667088085803,5.092537599036012,6.256796577135594
26.482782782782785,5.680269496576373,5.097864192029195,6.262674801123551
26.494694694694694,5.685936995508899,5.1032539945650255,6.268619996452773
26.506606606606606,5.691669927094653,5.108707346382965,6.2746325078063405
26.51851851851852,5.697468633544889,5.114224587274005,6.280712679815774
26.530430430430428,5.70333345707087,5.119806057065883,6.286860857075856
26.542342342342344,5.709264739883858,5.12545209560768,6.2930773841600365
26.554254254254253,5.715262824195108,5.1311630427538,6.299362605636415
26.566166166166166,5.721328052215887,5.136939238347393,6.305716866084381
26.57807807807808,5.727460766157453,5.142781022203125,6.312140510111781
26.589989989989988,5.733661308231065,5.148688734089406,6.318633882372724
26.6019019019019,5.739930020647989,5.1546627137084355,6.325197327587543
26.613813813813813,5.746267245619482,5.160703300081763,6.3318311911572005
26.625725725725726,5.752673325356804,5.166810830637433,6.338535820076175
26.63763763763764,5.759148602071218,5.1729856424684835,6.345311561673953
26.649549549549548,5.765693417973981,5.179228072564271,6.352158763383692
26.66146146146146,5.77230811527636,5.185538457812498,6.359077772740221
26.673373373373373,5.778993036189609,5.191917135001106,6.366068937378112
26.685285285285286,5.785748522924993,5.198364440820106,6.3731326050298795
26.697197197197198,5.7925748310722645,5.2048806252417785,6.38026903690275
26.709109109109107,5.799471314043272,5.211465035965895,6.387477592120649
26.72102102102102,5.8064367893824675,5.2181164847317465,6.394757094033189
26.732932932932933,5.81347006756626,5.224833776118924,6.402106359013596
26.74484484484484,5.820569959071058,5.231615714616679,6.409524203525437
26.756756756756758,5.827735274373281,5.238461104625172,6.4170094441213905
26.768668668668667,5.834964823949328,5.2453687504565645,6.424560897442091
26.78058058058058,5.842257418275616,5.252337456336102,6.43217738021513
26.792492492492492,5.849611867828554,5.259366026403023,6.439857709254086
26.8044044044044,5.857026983084553,5.266453264693656,6.44760070147545
26.816316316316318,5.864501574520027,5.273597974336709,6.455405174703345
26.828228228228227,5.872034452611379,5.280798957266207,6.463269947956551
26.84014014014014,5.879624427835025,5.288055015347148,6.4711938403229015
26.852052052052052,5.8872703106673745,5.295364950486729,6.47917567084802
26.86396396396396,5.894970911584836,5.302727564656362,6.48721425851331
26.875875875875877,5.902725041063826,5.310141659913179,6.495308422214474
26.887787787787786,5.910531509580747,5.317606038420951,6.503456980740543
26.8996996996997,5.918389127612015,5.325119502470535,6.511658752753494
26.91161161161161,5.926296705634039,5.33268085449973,6.519912556768348
26.92352352352352,5.934253054123227,5.340288897112627,6.528217211133827
26.935435435435437,5.942256983555998,5.3479424330984315,6.536571534013564
26.947347347347346,5.950307304408751,5.355640265449717,6.544974343367786
26.95925925925926,5.958402827157906,5.363381197380206,6.553424456935606
26.97117117117117,5.96654236227987,5.371164032341956,6.561920692217783
26.98308308308308,5.97472472025105,5.378987574042059,6.570461866460041
26.994994994994997,5.982948711547866,5.386850626458806,6.579046796636927
27.006906906906906,5.991213146646718,5.394751993857283,6.587674299436153
27.01881881881882,5.999516836024021,5.4026904808045115,6.596343191243531
27.03073073073073,6.007858590156189,5.4106648921839975,6.605052288128381
27.04264264264264,6.016237219519625,5.418674033209775,6.613800405829475
27.054554554554556,6.024651534590749,5.4267167094399555,6.622586359741542
27.066466466466466,6.033100345845961,5.434791726789691,6.6314089649022305
27.07837837837838,6.0415824637616815,5.442897891543693,6.64026703597967
27.09029029029029,6.050096698814316,5.451034010368155,6.649159387260476
27.1022022022022,6.058641861480273,5.459198890322205,6.65808483263834
27.114114114114113,6.067216762235967,5.467391338868831,6.667042185603103
27.126026026026025,6.075820211557808,5.4756101638852694,6.676030259230346
27.137937937937938,6.084451019922206,5.483854173672899,6.685047866171512
27.14984984984985,6.093107997805573,5.4921221769666175,6.694093818644529
27.16176176176176,6.101789955684313,5.5004129829436845,6.703166928424942
27.173673673673672,6.110495704034847,5.508725401232101,6.712266006837592
27.185585585585585,6.119224053333577,5.517058241918418,6.721389864748735
27.197497497497498,6.127973814056919,5.525410315555092,6.730537312558745
27.20940940940941,6.13674379668128,5.533780433167297,6.739707160195263
27.22132132132132,6.14553281168307,5.542167406259253,6.748898217106888
27.233233233233232,6.154339669538705,5.550570046820056,6.758109292257354
27.245145145145145,6.16316318072459,5.558987167328979,6.767339194120201
27.257057057057054,6.172002155717137,5.56741758076031,6.776586730673964
27.26896896896897,6.18085540499276,5.575860100587676,6.785850709397845
27.28088088088088,6.189721739027863,5.58431354078786,6.795129937267867
27.292792792792792,6.198599968298864,5.59277671584417,6.8044232207535575
27.304704704704704,6.207488903282168,5.6012484407492575,6.813729365815078
27.316616616616614,6.216387354454185,5.6097275310075,6.823047177900871
27.32852852852853,6.225294132291334,5.618212802636879,6.832375461945789
27.34044044044044,6.234208047270014,5.626703072170352,6.841713022369676
27.35235235235235,6.243127909866645,5.6351971566568,6.851058663076489
27.364264264264264,6.252052530557632,5.643693873661434,6.860411187453831
27.376176176176173,6.260980719819385,5.652192041265766,6.869769398373005
27.38808808808809,6.269911288128322,5.6606904780671075,6.879132098189536
27.4,6.278843045960844,5.66918800317756,6.888498088744129
