rt_source,rt_target_predicted,ci_lower,ci_upper
1.01,0.48322912895168846,-0.24059390232971611,1.207052160233093
1.0358158158158157,0.49193426927037737,-0.23183300881928653,1.2157015473600412
1.0616316316316317,0.5006343078687285,-0.22307786122871176,1.224346476966169
1.0874474474474474,0.5093241430264043,-0.21433356157033545,1.232981847623144
1.1132632632632633,0.5179986730230669,-0.2056052118361109,1.2416025578822447
1.139079079079079,0.526652796138378,-0.19689791400309653,1.2502035062798527
1.164894894894895,0.5352814106520009,-0.18821677000717185,1.2587795913111735
1.1907107107107107,0.5438794148435973,-0.17956688173690671,1.2673257114241012
1.2165265265265266,0.5524417069928292,-0.1709533510047916,1.27583676499045
1.2423423423423423,0.560961398393635,-0.16238306651150358,1.2843058632987736
1.2681581581581582,0.5694243350350098,-0.15387018215824821,1.2927188522282678
1.293973973973974,0.5778145167590647,-0.14543069787923557,1.3010597313973649
1.3197897897897897,0.5861159434076212,-0.1370806134718695,1.309312500287112
1.3456056056056056,0.5943126148224996,-0.12883592857515513,1.3174611582201545
1.3714214214214215,0.602388626469793,-0.12071254703252976,1.3254897999721158
1.3972372372372373,0.6103347346746713,-0.11271971165931927,1.3333891810086618
1.423053053053053,0.6181525892647639,-0.10485577159164183,1.3411609501211696
1.448868868868869,0.6258448469755903,-0.097118068880651,1.3488077628318316
1.4746846846846848,0.6334141645426704,-0.08950394539072681,1.3563322744760677
1.5005005005005005,0.6408631987015223,-0.08201074279245457,1.3637371401954992
1.5263163163163163,0.6481946061876661,-0.07463580256392555,1.3710250149392578
1.5521321321321322,0.6554110437366205,-0.06737646599249725,1.3781985534657384
1.5779479479479481,0.6625151680839054,-0.060230074176683024,1.3852604103444939
1.6037637637637638,0.6695096359650394,-0.05319396802817822,1.3922132399582572
1.6295795795795796,0.6763971041155424,-0.04626548827401378,1.3990596965050988
1.6553953953953955,0.6831802292709334,-0.03944197545884809,1.405802434000715
1.6812112112112112,0.6898616681667312,-0.032720769947388595,1.412444106280851
1.707027027027027,0.6964440775384557,-0.026099211926945642,1.418987367003857
1.7328428428428428,0.7029301141216261,-0.01957464141012233,1.4254348696533745
1.7586586586586588,0.7093224346517615,-0.013144398237634025,1.431789267541157
1.7844744744744745,0.7156236958643805,-0.006805822081262347,1.4380532138100233
1.8102902902902902,0.7218365544950035,-5.562524553999193e-4,1.444229361445407
1.8361061061061061,0.7279636672791493,0.00560697121813547,1.4503203633401631
1.861921921921922,0.7340076909523371,0.011686509629908137,1.456328872274766
1.8877377377377378,0.7399712822500861,0.017685023607397876,1.4622575408927743
1.9135535535535535,0.745857097907916,0.02360517411219487,1.4681090217036372
1.9393693693693694,0.7516677946613458,0.029449622236936146,1.4738859670857556
1.9651851851851854,0.7574060292458943,0.03522102920215042,1.4795910292896381
1.991001001001001,0.7630744583970814,0.04092205635301127,1.4852268604411516
2.016816816816817,0.7686757388504262,0.0465553651559939,1.4907961125448583
2.0426326326326327,0.7742125273414474,0.05212361719544145,1.4963014374874533
2.068448448448448,0.7796874806056651,0.05762947417003972,1.5017454870412905
2.0942642642642646,0.7851032553785983,0.06307559788919526,1.5071309128680013
2.12008008008008,0.7904625083957666,0.06846465026932425,1.512460366522209
2.145895895895896,0.7957678963926882,0.07379929331902113,1.5177364994663551
2.171711711711712,0.8010220761048831,0.07908218898588382,1.5229619632238824
2.1975275275275274,0.806227704267871,0.08431599917534105,1.528139409360401
2.2233433433433434,0.8113874376171706,0.0895033858534493,1.5332714893808919
2.2491591591591593,0.8165039328883009,0.09464701104675666,1.538360854729845
2.274974974974975,0.8215798468167811,0.09974953683951371,1.5434101567940486
2.3007907907907907,0.8266178361381309,0.10481362537084138,1.5484220469054204
2.3266066066066067,0.8316205575878702,0.10984193883185323,1.5533991763438872
2.352422422422422,0.8365906679015173,0.11483713946273344,1.558344196340301
2.3782382382382385,0.8415308238145918,0.11980188954977578,1.5632597580794076
2.404054054054054,0.8464436820626126,0.12473885142237384,1.5681485127028512
2.42986986986987,0.8513318993810998,0.129650687449971,1.5730131113122285
2.455685685685686,0.8561981325055713,0.13454006002111862,1.577856204990024
2.4815015015015014,0.8610450381715475,0.13940963129373585,1.5826804450493592
2.5073173173173173,0.8658752731145476,0.1442620632372682,1.587488482991827
2.5331331331331333,0.8706914940700904,0.14910001781539373,1.5922829703247872
2.5589489489489488,0.8754963577736956,0.15392615698953027,1.597066558557861
2.584764764764765,0.8802925209608822,0.1587431427175986,1.6018418992041656
2.6105805805805806,0.8850826403671697,0.16355363695277758,1.6066116437815618
2.6363963963963966,0.8898693727280769,0.16836030164224147,1.6113784438139123
2.6622122122122125,0.8946553747791233,0.1731657987258881,1.6161449508323584
2.688028028028028,0.899443303255828,0.17797279013505196,1.620913816376604
2.713843843843844,0.9042358148937109,0.1827839377912046,1.625687691996217
2.73965965965966,0.9090355664282906,0.1876019036046418,1.6304692292519394
2.7654754754754753,0.9138452145950867,0.1924293494731576,1.635261079717016
2.7912912912912913,0.9186674161296181,0.1972689372807066,1.6400658949785296
2.817107107107107,0.9235048277674046,0.20212332889605322,1.6448863266387561
2.8429229229229227,0.9283601062439654,0.206995186171405,1.6497250263165257
2.868738738738739,0.9332359082948191,0.21188717094103526,1.6545846456486029
2.8945545545545546,0.9381348906554854,0.21680194501989525,1.6594678362910755
2.9203703703703705,0.9430597100614839,0.22174217020220854,1.6643772499207592
2.9461861861861864,0.9480130232483334,0.22671050826005457,1.6693155382366123
2.972002002002002,0.9529974869515532,0.23170962094194036,1.6742853529611659
2.997817817817818,0.9580157579066629,0.23674216997135822,1.6792893458419678
3.023633633633634,0.9630701187572679,0.24181044295341625,1.6843297945611195
3.0494494494494493,0.9681609218531217,0.2469147971714325,1.689407046534811
3.0752652652652657,0.9732878987543142,0.2520549690896424,1.694520828418986
3.101081081081081,0.9784507807264508,0.257230694846884,1.6996708666060174
3.1268968968968966,0.9836492990351382,0.26244171054957743,1.704856887520699
3.152712712712713,0.9888831849459838,0.267687752270204,1.7100786176217637
3.1785285285285285,0.9941521697245933,0.2729685560457725,1.7153357834034142
3.204344344344344,0.9994559846365735,0.2782838578762755,1.7206281113968713
3.2301601601601604,1.0047943609475307,0.28363339372313023,1.7259553281719313
3.255975975975976,1.010167029923072,0.2890168995076091,1.7313171603385351
3.2817917917917923,1.015573722828803,0.29443411110920537,1.736713334548401
3.3076076076076077,1.0210141709303309,0.2998847641895057,1.742143577671156
3.3334234234234232,1.026488105493262,0.30536859379392867,1.7476076171925952
3.3592392392392396,1.0319952577832026,0.3108853347983649,1.7531051807680402
3.385055055055055,1.0375353590657594,0.3164347220246464,1.7586359961068725
3.4108708708708706,1.043108140606539,0.3220164902415925,1.7641997909714855
3.436686686686687,1.0487133336711483,0.3276303741660421,1.7697962931762543
3.4625025025025025,1.0543506695251925,0.33327610846386,1.775425230586525
3.488318318318318,1.060019879434279,0.33895342775093384,1.7810863311176242
3.5141341341341343,1.0657206946640152,0.34466206659414467,1.7867793227338857
3.53994994994995,1.0714528464800055,0.35040175951231833,1.7925039334476927
3.565765765765766,1.077216066147858,0.3561722409771675,1.7982598913185486
3.5915815815815817,1.0830100849331787,0.36197324541420217,1.8040469244521553
3.617397397397397,1.0888346341015738,0.3678045072036299,1.8098647609995178
3.6432132132132136,1.094689444918651,0.373665760681236,1.815713129156066
3.669029029029029,1.1005742486500154,0.3795567401392388,1.821591757160792
3.6948448448448445,1.106488776561274,0.38547717982713614,1.827500373295412
3.720660660660661,1.1124327599180335,0.3914268139525239,1.833438705883543
3.7464764764764764,1.1184059299859004,0.3974053766819,1.8394064832899009
3.772292292292293,1.124408018030481,0.4034126021414489,1.845403433919513
3.7981081081081083,1.1304387553173822,0.4094482244178065,1.8514292862169581
3.8239239239239238,1.1364978731122097,0.41551197753563085,1.8574837686887886
3.84973973973974,1.1425851026805711,0.42160359503608946,1.8635666103250528
3.8755555555555556,1.1487001752880717,0.4277228100242958,1.8696775405518475
3.901371371371371,1.1548428222003193,0.43386935556097506,1.8758162888396637
3.9271871871871875,1.1610127746829186,0.44004296467972703,1.8819825846861102
3.953003003003003,1.1672097640014778,0.44624337038978934,1.8881761576131662
3.9788188188188185,1.1734335214216036,0.4524703056787285,1.8943967371644788
4.004634634634635,1.1796837782089018,0.45872350351507585,1.9006440529027278
4.03045045045045,1.1859602656289776,0.4650026968509029,1.9069178344070523
4.056266266266267,1.192262714947439,0.47130761862433923,1.9132178112705387
4.082082082082082,1.1985908574298936,0.4776380017620223,1.9195437130977648
4.107897897897898,1.204944424341945,0.483993579181487,1.9258952695024028
4.133713713713714,1.211323146949202,0.49037408379350766,1.9322722101048964
4.15952952952953,1.21772675651727,0.49677924850435906,1.938674264530181
4.185345345345345,1.224154984311756,0.5032088062180348,1.9451011624054773
4.2111611611611615,1.2306075615982677,0.509662489838394,1.9515526333581414
4.236976976976977,1.2370842196424094,0.5161400322712482,1.9580284070135707
4.262792792792793,1.243584689709788,0.5226411664263942,1.9645282129931818
4.288608608608609,1.2501087030660114,0.5291656252195814,1.9710517809124415
4.314424424424424,1.2566559909766848,0.5357131415744143,1.9775988403789553
4.340240240240241,1.2632262847074156,0.5422834484242033,1.9841691209906278
4.366056056056056,1.2698193155238087,0.5488762787137454,1.990762352333872
4.391871871871872,1.2764348146914724,0.5554913654010545,1.9973782639818902
4.417687687687688,1.2830725134760128,0.5621284414590194,2.004016585493006
4.4435035035035035,1.289732143143037,0.5687872398770086,2.0106770464090653
4.469319319319319,1.2964134349581486,0.575467493662409,2.0173593762538884
4.495135135135135,1.3031161201869579,0.582168935842116,2.0240633045317997
4.520950950950951,1.3098399300950683,0.5888912994639401,2.0307885607261964
4.546766766766767,1.3165845959480895,0.5956343175979795,2.0375348742981996
4.572582582582583,1.3233498490116244,0.6023977233379045,2.0443019746853444
4.598398398398398,1.3301354205512823,0.6091812498022086,2.051089591300356
4.624214214214215,1.336941041832669,0.6159846301353751,2.057897453529963
4.65003003003003,1.34376644412139,0.6228075975089948,2.0647252907337847
4.675845845845846,1.350611358683053,0.6296498851228248,2.071572832243281
4.701661661661662,1.3574755167832653,0.636511226205777,2.0784398073607537
4.7274774774774775,1.3643586496876288,0.6433913540168489,2.0853259453584085
4.753293293293293,1.3712604886617552,0.6502900018460079,2.0922309754775026
4.779109109109109,1.3781807649712499,0.6572069030149879,2.099154626927512
4.804924924924925,1.3851192098817169,0.6641417908780433,2.1060966288853904
4.830740740740741,1.3920755546587675,0.6710943988226471,2.113056710494888
4.856556556556557,1.3990495305680029,0.6780644602701016,2.120034600865904
4.882372372372372,1.4060408688750312,0.6850517086761228,2.1270300290739397
4.908188188188189,1.4130493008454608,0.6920558775313395,2.134042724159582
4.934004004004004,1.4200745577448977,0.6990767003617373,2.141072415128058
4.95981981981982,1.4271163708389465,0.706113910729043,2.14811883094885
4.985635635635636,1.4341744713932159,0.7131672422310539,2.155181700555378
5.011451451451451,1.441248590673311,0.7202364285018937,2.162260752844728
5.037267267267267,1.448338459944838,0.7273212032122179,2.1693557166774577
5.063083083083083,1.4554438104734042,0.7344213000693558,2.1764663208774526
5.088898898898899,1.4625643735246168,0.7415364528173888,2.1835922942318446
5.114714714714714,1.4696998803640802,0.748666395237167,2.1907333654909933
5.140530530530531,1.4768500622574046,0.7558108611462769,2.1978892633685323
5.166346346346346,1.4840146504701932,0.762969584398925,2.205059716541461
5.192162162162162,1.4911933762680525,0.7701422988857856,2.212244453650319
5.217977977977978,1.4983859709165914,0.7773287385337755,2.2194432032994076
5.2437937937937935,1.5055921656814126,0.784528637305761,2.2266556940570643
5.26960960960961,1.5128116918281287,0.7917417292002269,2.2338816544560305
5.295425425425425,1.52004428062234,0.7989677482508496,2.2411208129938305
5.321241241241241,1.5272896633296555,0.806206428526049,2.2483728981332622
5.347057057057057,1.5345475712156829,0.8134575041284512,2.2556376383029146
5.372872872872873,1.5418177355460263,0.8207207091942973,2.2629147618977554
5.398688688688688,1.5490998875862942,0.8279957778928017,2.2702039972797867
5.424504504504505,1.5563937586020933,0.8352824444254348,2.2775050727787516
5.45032032032032,1.563699079859027,0.8425804430251512,2.2848177166929027
5.4761361361361365,1.5710155826227055,0.8498895079555681,2.292141657289843
5.501951951951952,1.578342998158732,0.8572093735100571,2.299476622807407
5.5277677677677675,1.5856810577327174,0.8645397740108076,2.306822341454627
5.553583583583584,1.5930294926102637,0.8718804438077953,2.314178541412732
5.579399399399399,1.6003880340569792,0.8792311172777223,2.321544950836236
5.605215215215215,1.6077564133384716,0.886591528822876,2.3289212978540674
5.631031031031031,1.6151343617203455,0.8939614128699288,2.336307310570762
5.656846846846847,1.6225216104682083,0.9013405038686895,2.3437027170677274
5.682662662662662,1.629917890847666,0.9087285362907795,2.3511072454045525
5.708478478478479,1.6373229341243258,0.91612524462826,2.3585206236203917
5.734294294294294,1.6447364715637938,0.923530363392188,2.3659425797353997
5.76011011011011,1.6521582344316779,0.9309436271111231,2.3733728417522326
5.785925925925926,1.659587953993582,0.9383647703295602,2.380811137657604
5.811741741741741,1.6670253615151143,0.945793527606318,2.3882571954239107
5.837557557557558,1.674470188261881,0.9532296335128516,2.395710743010911
5.863373373373373,1.6819221654994883,0.9606728226315132,2.403171508367463
5.889189189189189,1.6893810244935437,0.9681228295537518,2.4106392194333353
5.915005005005005,1.6968464965096528,0.975579388878247,2.4181136041410585
5.940820820820821,1.7043183128134214,0.983042235208988,2.4255943904178547
5.966636636636636,1.7117962046704576,0.9905111031532924,2.433081306187623
5.9924524524524525,1.7192799033463668,0.9979857273197575,2.440574079372976
6.018268268268268,1.7267691401067558,1.0054658423161589,2.448072437897353
6.044084084084084,1.734263646217232,1.0129511827472855,2.4555761096871787
6.0698998998999,1.7417631529434008,1.0204414832127116,2.46308482267409
6.095715715715715,1.7492673915508672,1.0279364783045106,2.4705983047972238
6.121531531531532,1.7567760933052423,1.0354359026049182,2.4781162840055666
6.147347347347347,1.7642889894721279,1.0429394906839073,2.4856384882603484
6.173163163163163,1.7718058113171344,1.0504469770967406,2.4931646455375285
6.198978978978979,1.7793262901058653,1.0579580963814248,2.500694483830306
6.224794794794795,1.786850157103928,1.065472583056136,2.50822773115172
6.250610610610611,1.794377143576928,1.072990171616564,2.515764115537292
6.2764264264264265,1.8019069807904746,1.0805105965332076,2.5233033650477417
6.302242242242242,1.8094394000101717,1.0880335921487996,2.5308452078715438
6.328058058058058,1.8169741325016278,1.0955588921663844,2.538389372836871
6.353873873873874,1.8245109095304484,1.1030862300229844,2.5459355890379123
6.379689689689689,1.8320494623622385,1.1106153391162779,2.553483585608199
6.405505505505506,1.8395895222626084,1.1181459528043192,2.5610330917208977
6.431321321321321,1.8471308204971595,1.1256778044048088,2.56858383658951
6.457137137137137,1.8546730883315032,1.133210627194367,2.5761355494686393
6.482952952952953,1.862216057031244,1.1407441544077548,2.5836879596547333
6.5087687687687685,1.8697594578619867,1.1482781192370934,2.59124079648688
6.534584584584585,1.87730302208934,1.1558122548310574,2.5987937893476225
6.5604004004004,1.8848464809789114,1.1633462942940385,2.606346667663784
6.586216216216216,1.892389565796304,1.1708799706852853,2.6138991609073225
6.612032032032032,1.8999320078071253,1.1784130170180367,2.621450998596214
6.637847847847848,1.9074735382769854,1.1859451662541445,2.6290019102998263
6.663663663663663,1.9150138884714876,1.1934761509726968,2.636551625970278
6.68947947947948,1.9225527896562364,1.2010057031434467,2.644099876169026
6.715295295295295,1.9300899730968435,1.2085335546362828,2.6516463915574042
6.7411111111111115,1.9376251700589118,1.2160594372762763,2.659190902841547
6.766926926926927,1.94515811180805,1.2235830828450638,2.6667331407710364
6.7927427427427425,1.9526885296098608,1.2311042230821712,2.6742728361375505
6.818558558558559,1.9602161547299535,1.2386225896863352,2.6818097197735717
6.844374374374374,1.967740718433935,1.2461379143167752,2.689343522551095
6.87019019019019,1.9752619519874108,1.2536499285944418,2.69687397538038
6.896006006006006,1.9827795866559894,1.261158364103244,2.704400809208735
6.921821821821822,1.9902933537052725,1.2686629523912303,2.7119237550193147
6.947637637637637,1.9978029844008738,1.2761634249717697,2.719442543829978
6.973453453453454,2.005308210008393,1.2836595133246602,2.726956906692126
6.999269269269269,2.01280876179344,1.2911509488972546,2.7344665746896255
7.0250850850850854,2.0203043710216226,1.2986374631055266,2.7419712789377186
7.050900900900901,2.0277947689585427,1.3061187873351106,2.749470750581975
7.076716716716716,2.0352796868698095,1.3135946529423312,2.7569647207972876
7.102532532532533,2.0427588560210297,1.321064791255182,2.7644529207868773
7.128348348348348,2.05023200767781,1.3285289335742863,2.771935081781334
7.154164164164164,2.057698873105756,1.3359868111738231,2.7794109350376885
7.17997997997998,2.0651591835704766,1.3434381553024357,2.7868802118385174
7.205795795795796,2.0726126703375756,1.3508826971840893,2.7943426434910617
7.231611611611611,2.0800590646726578,1.3583201680189223,2.8017979613263932
7.2574274274274275,2.0874980978413356,1.3657502989389394,2.8092458967437315
7.283243243243243,2.09492950110921,1.3731728205472582,2.8166861816711624
7.309059059059059,2.1023530057418904,1.3805874631143946,2.8241185483693863
7.334874874874875,2.109768343004982,1.3879939568987802,2.8315427291111837
7.36069069069069,2.117175244164095,1.3953920321543827,2.838958456173808
7.386506506506507,2.124573440484828,1.4027814191331855,2.8463654618364704
7.412322322322322,2.131962663232794,1.4101618480876494,2.853763478377939
7.438138138138138,2.1393426436735985,1.4175330492730551,2.861152238074142
7.463953953953954,2.1467131130728467,1.4248947529498133,2.86853147319588
7.48976976976977,2.154073802696147,1.432246689385702,2.8759009160065916
7.515585585585586,2.1614244438091026,1.4395885888580295,2.8832602987601756
7.5414014014014015,2.1687647676773247,1.44692018165575,2.8906093536988995
7.567217217217217,2.1760945055664145,1.4542411980814849,2.897947813051344
7.593033033033033,2.183413388741983,1.4615513684535149,2.905275409030451
7.618848848848849,2.190721148469633,1.468850423107669,2.9125918738315972
7.644664664664664,2.1980175160149735,1.4761380923991796,2.9198969396307675
7.670480480480481,2.2053022226436094,1.4834141067044484,2.9271903385827702
7.696296296296296,2.2125749996211512,1.4906781964227653,2.9344718028195373
7.722112112112112,2.2198355782131998,1.497930091977938,2.9417410644484616
7.747927927927928,2.227083689685365,1.5051695238198883,2.948997855550842
7.7737437437437436,2.2343190653032527,1.512396222426152,2.9562419081803535
7.79955955955956,2.241541436332468,1.5196099183033305,2.963472954361606
7.825375375375375,2.2487505340386216,1.5268103419884764,2.9706907260887667
7.851191191191191,2.2559460896873134,1.5339972240503954,2.9778949553242313
7.877007007007007,2.263127834544156,1.541170295090918,2.9850853739973937
7.902822822822823,2.2702954998747518,1.5483292857460627,2.992261714003441
7.928638638638638,2.2774488169447107,1.555473926687171,2.9994237072022503
7.954454454454455,2.2845875170196375,1.5626039486219492,3.0065710854173258
7.98027027027027,2.2917113313651383,1.569719082295462,3.0137035804348145
8.006086086086087,2.2988199912468192,1.5768190584910535,3.020820924002585
8.031901901901902,2.3059132279302883,1.5839036080312048,3.027922847829372
8.057717717717718,2.3129907726811507,1.5909724617783207,3.0350090835839807
8.083533533533535,2.3200523567650153,1.5980253506354618,3.042079362894569
8.10934934934935,2.3270977114474847,1.605062005546992,3.0491334173479774
8.135165165165166,2.334126567994169,1.6120821574991884,3.0561709784891495
8.160980980980982,2.341138657670672,1.6190855375207551,3.063191777820589
8.186796796796797,2.3481337117426024,1.6260718766832967,3.070195546801908
8.212612612612613,2.3551114614755653,1.6330409061017077,3.077182016849423
8.23842842842843,2.362071638135169,1.6399923569345098,3.084150919335828
8.264244244244244,2.369013972987018,1.6469259603841122,3.0911019855899236
8.29006006006006,2.3759381972967186,1.6538414476970165,3.098034946896421
8.315875875875877,2.382844042329879,1.660738550163952,3.1049495344958062
8.341691691691691,2.3897312393521037,1.6676169991199394,3.111845479584268
8.367507507507508,2.3965995196290018,1.6744765259443035,3.1187225133137
8.393323323323324,2.403448614426178,1.6813168620606005,3.1255803667917554
8.419139139139139,2.410278255009239,1.6881377389364995,3.132418771081978
8.444954954954955,2.417088172643792,1.6949388880835858,3.139237457203998
8.470770770770772,2.4238780985954436,1.7017200410571032,3.1460361561337837
8.496586586586586,2.4306477641297977,1.708480929455626,3.1528145988039693
8.522402402402403,2.4373969005124647,1.7152212849206805,3.159572516104249
8.548218218218219,2.4441252390090495,1.721940839136277,3.166309638881822
8.574034034034035,2.450832510885158,1.7286393238283955,3.1730256979419202
8.59984984984985,2.457518447406397,1.7353164707644013,3.179720424048393
8.625665665665666,2.4641827798383726,1.7419720117523894,3.186393547924356
8.651481481481483,2.470825239446692,1.7486056786404707,3.1930448002529133
8.677297297297297,2.4774455574969627,1.7552172033159894,3.199673911677936
8.703113113113114,2.4840434652547887,1.7618063177046688,3.2062806128049086
8.72892892892893,2.490618693985776,1.768372753769706,3.212864634201846
8.754744744744745,2.4971709749555355,1.7749162435107948,3.2194257064002763
8.780560560560561,2.5037000394296713,1.7814365189630683,3.2259635598962744
8.806376376376377,2.510205618673789,1.7879333121960004,3.232477925151578
8.832192192192192,2.5166874439534954,1.7944063553122267,3.238968532594764
8.858008008008008,2.5231452465343986,1.8008553804463074,3.2454351126224896
8.883823823823825,2.529578757682103,1.8072801197634136,3.2518773956007925
8.90963963963964,2.5359877086622156,1.8136803054579627,3.2582951118664685
8.935455455455456,2.542371830740345,1.8200556697521817,3.2646879917285085
8.961271271271272,2.5487308551820944,1.8264059448945957,3.271055765469593
8.987087087087087,2.5550645132530736,1.832730863158474,3.277398163347673
9.012902902902903,2.5613725362188857,1.8390301568401826,3.2837149155975887
9.03871871871872,2.5676546553451405,1.8453035582574993,3.2900057524327817
9.064534534534534,2.5739106018974427,1.8515507997478382,3.296270404047047
9.09035035035035,2.5801401071413994,1.857771613666427,3.3025086006163717
9.116166166166167,2.586342902342616,1.8639657323844105,3.3087200723008214
9.141981981981981,2.592518718766701,1.8701328882868924,3.3149045492465095
9.167797797797798,2.598667287679258,1.8762728137709028,3.3210617615876132
9.193613613613614,2.604788340345896,1.8823852412433202,3.327191439448472
9.219429429429429,2.61088160803222,1.8884699031187016,3.333293312945739
9.245245245245245,2.616946822003839,1.8945265318170732,3.3393671121906054
9.271061061061062,2.6229837135263576,1.9005548597616322,3.345412567291083
9.296876876876876,2.6289920138653815,1.9065546193764025,3.3514294083543605
9.322692692692693,2.634971454286519,1.9125255430838162,3.3574173654892214
9.348508508508509,2.6409217660553748,1.9184673633022278,3.3633761688085215
9.374324324324323,2.6468426804375564,1.924379812443369,3.369305548431744
9.40014014014014,2.652733928698671,1.9302626229097346,3.3752052344876073
9.425955955955956,2.658595242104324,1.9361155270919022,3.381074957116746
9.451771771771773,2.6644263519201234,1.9419382573657895,3.3869144464744574
9.477587587587587,2.670226989411673,1.947730546089843,3.392723432733503
9.503403403403404,2.6759968858445817,1.9534921256021691,3.398501646086994
9.52921921921922,2.6817357724844553,1.9592227282175863,3.4042488167513243
9.555035035035035,2.687443380596899,1.964922086224623,3.4099646749691748
9.580850850850851,2.6931194414475224,1.9705899318824531,3.4156489510125914
9.606666666666667,2.6987636863019304,1.9762259974177478,3.421301375186113
9.632482482482482,2.704375846425728,1.9818300150214818,3.426921677829974
9.658298298298298,2.709955653084523,1.987401716845669,3.4325095893233764
9.684114114114115,2.715502837543922,1.9929408350000264,3.4380648400878178
9.70992992992993,2.7210171310695315,1.998447101548577,3.4435871605904858
9.735745745745746,2.7264982649269585,2.0039202485061898,3.449076281347727
9.761561561561562,2.7319459703818074,2.009360007835048,3.4545319329285666
9.787377377377377,2.737359978699688,2.014766111441064,3.459953845958312
9.813193193193193,2.742740021161538,2.0201382911201162,3.4653417512029594
9.83900900900901,2.7480861509531516,2.0254766001579667,3.4706957017483364
9.864824824824824,2.7533995716919093,2.0307822420986597,3.476016901285159
9.89064064064064,2.7586817438911573,2.0360566773292095,3.481306810453105
9.916456456456457,2.7639341280642324,2.0413013660904977,3.486566890037967
9.942272272272273,2.7691581847244784,2.0465177682325044,3.4917986012164524
9.968088088088088,2.7743553743852356,2.051707343485657,3.497003405284814
9.993903903903904,2.779527157559847,2.0568715515420948,3.502182763577599
10.01971971971972,2.7846749947616507,2.0620118520565285,3.507338137466773
10.045535535535535,2.789800346503992,2.0671297046462915,3.512470988361692
10.071351351351352,2.794904673300209,2.072226568757815,3.517582777842603
10.097167167167168,2.7999894356636448,2.077303903521349,3.5226749678059406
10.122982982982982,2.80505609410764,2.0823631680143873,3.5277490202008925
10.148798798798799,2.8101061091455373,2.0874058213024305,3.532806396988644
10.174614614614615,2.8151409412906774,2.0924333224415412,3.5378485601398135
10.20043043043043,2.8201620510564,2.0974471304808056,3.542876971631994
10.226246246246246,2.8251708989560482,2.1024487044646882,3.547893093447408
10.252062062062063,2.8301689455029626,2.1074395034352733,3.552898387570652
10.277877877877877,2.8351576512104852,2.112420986434414,3.5578943159865566
10.303693693693694,2.8401384765919566,2.117394612505764,3.5628823406781494
10.32950950950951,2.845112882160719,2.1223618406967146,3.5678639236247234
10.355325325325325,2.850082328430113,2.12732413006022,3.5728405268000056
10.381141141141141,2.8550482759134814,2.1322829396565237,3.577813612170439
10.406956956956957,2.8600121851241638,2.1372397285547704,3.582784641693557
10.432772772772774,2.864975516575502,2.142195955795411,3.5877550773555935
10.458588588588588,2.8699397307808363,2.1471530802095913,3.5927263813520813
10.484404404404405,2.874906288253512,2.152112560455193,3.5977000160518307
10.510220220220221,2.879876649506866,2.1570758550406413,3.6026774439730906
10.536036036036036,2.8848522750542407,2.1620444225075133,3.607660127600968
10.561851851851852,2.8898346254089797,2.167019721450437,3.6126495293675225
10.587667667667668,2.894825161084422,2.1720032105201317,3.617647111648712
10.613483483483483,2.899825342593909,2.1769963484262553,3.622654336761563
10.6392992992993,2.904836630450785,2.182000593940029,3.6276726669615407
10.665115115115116,2.9098604851683874,2.1870174058966514,3.6327035644401233
10.69093093093093,2.9148983672600597,2.1920482431975166,3.637748491322603
10.716746746746747,2.919951737239143,2.19709456481221,3.6428089096660754
10.742562562562563,2.925022055618979,2.2021578297803,3.647886281457658
10.768378378378378,2.930110782912908,2.207239497212917,3.6529820686128986
10.794194194194194,2.935219379634272,2.2123410262941308,3.6580977329744133
10.82001001001001,2.940349306296412,2.2174638762821086,3.6632347363107156
10.845825825825825,2.9455020234126694,2.2226095065100706,3.6683945403152682
10.871641641641641,2.9506789914963867,2.227779376382973,3.6735786066098
10.897457457457458,2.955881671060903,2.232974945263212,3.678788396858594
10.923273273273272,2.961111522619562,2.238197672455741,3.6840253727833834
10.949089089089089,2.9663700066857044,2.243449017337201,3.6892909960342077
10.974904904904905,2.97165858377267,2.2487304393639125,3.6945867281814273
11.000720720720722,2.9769787143938022,2.2540433980723122,3.6999140307152922
11.026536536536536,2.9823318590624415,2.259389353079177,3.705274365045706
11.052352352352353,2.987719478291929,2.26476976408165,3.7106691925022077
11.078168168168169,2.993143032595606,2.2701860908570564,3.716099974334156
11.103983983983984,2.9986039824868143,2.2756397932625085,3.72156817171112
11.1297997997998,3.004103746702545,2.281132289457958,3.7270752039471318
11.155615615615616,3.009642821370825,2.286664075072774,3.7326215676688763
11.181431431431431,3.015220800771743,2.292234743965754,3.738206857577732
11.207247247247247,3.020837241561926,2.2978438524337377,3.743830630690114
11.233063063063064,3.026491700397998,2.30349095667707,3.7494924441189257
11.258878878878878,3.032183733936581,2.3091756128529637,3.7551918550201986
11.284694694694695,3.037912898834302,2.314897377179906,3.760928420488698
11.310510510510511,3.043678751747784,2.320655805938525,3.7667016975570426
11.336326326326326,3.0494808493336505,2.3264504554705305,3.7725112431967704
11.362142142142142,3.0553187482485265,2.3322808821774883,3.7783566143195646
11.387957957957958,3.0611920051490373,2.3381466425194355,3.784237367778639
11.413773773773773,3.0671001766918047,2.3440472930133307,3.7901530603702787
11.43958958958959,3.0730428195334536,2.3499823902313532,3.796103248835554
11.465405405405406,3.07901949033061,2.3559514907990344,3.8020874898621857
11.491221221221222,3.085029745739896,2.361954151393224,3.808105340086568
11.517037037037037,3.0910731424179376,2.367989928738648,3.8141563560972274
11.542852852852853,3.097149237021357,2.3740583794820176,3.8202400945606967
11.56866866866867,3.1032575862067815,2.380159060079567,3.826356112333996
11.594484484484484,3.1093977466308313,2.386291526991932,3.832503966269731
11.6203003003003,3.1155692749501336,2.3924553367069405,3.8386832131933266
11.646116116116117,3.1217717278213106,2.3986500457385267,3.8448934099040946
11.671931931931931,3.128004661900989,2.4048752106255575,3.8511341131764203
11.697747747747748,3.1342676338457904,2.4111303879305517,3.857404879761029
11.723563563563564,3.1405602003123403,2.4174151342383037,3.863705266386377
11.749379379379379,3.1468819179572622,2.4237290061544017,3.870034829760123
11.775195195195195,3.1532323434371823,2.430071560303652,3.8763931265707128
11.801011011011012,3.1596110334087224,2.4364423533283874,3.8827797134890574
11.826826826826826,3.1660175445285073,2.442840941886697,3.8891941471703175
11.852642642642643,3.172451433453162,2.449266882650538,3.8956359842557857
11.878458458458459,3.1789122568393107,2.4557197323037503,3.902104781374871
11.904274274274274,3.1853995713435768,2.4621990475399764,3.908600095147177
11.93009009009009,3.191912933622585,2.4687043850604744,3.9151214821846954
11.955905905905906,3.1984519003329592,2.475235301571833,3.9216684990940855
11.981721721721723,3.2050160281313245,2.4817913537757663,3.9282407024868826
12.007537537537537,3.2116048736743035,2.4883720981475617,3.9348376492010453
12.033353353353354,3.2182179936185222,2.494977090899222,3.9414588963378225
12.05916916916917,3.224854944620604,2.5016058882168664,3.948104001024342
12.084984984984985,3.2315152833371723,2.5082580462742685,3.954772520400076
12.110800800800801,3.238198566424852,2.514933121232815,3.961464011616889
12.136616616616617,3.2449043505402684,2.521630669241402,3.968178031839135
12.162432432432432,3.2516321923400433,2.528350246436264,3.9749141382438227
12.188248248248248,3.258381648480803,2.5350914089407564,3.9816718880208493
12.214064064064065,3.2651522756191715,2.5418537128650582,3.988450838373285
12.23987987987988,3.2719436304117715,2.548636714305822,3.995250546517721
12.265695695695696,3.2787552695152287,2.5554399693457697,4.002070569684688
12.291511511511512,3.285586749586167,2.5622630340532075,4.008910465119126
12.317327327327327,3.29243762728121,2.569105464481498,4.015769790080922
12.343143143143143,3.2993074592569815,2.5759668166684584,4.022648101845505
12.36895895895896,3.3061958021701088,2.582846646635708,4.02954495770451
12.394774774774774,3.313102212677212,2.5897445103879355,4.036459914966489
12.42059059059059,3.3200262474349187,2.5966599639121313,4.043392530957706
12.446406406406407,3.3269674630998507,2.603592563176731,4.0503423630229705
12.472222222222223,3.3339254163286323,2.610541864121159,4.0573089685361055
12.498038038038038,3.3408996637778894,2.6175074224150006,4.064291905140778
12.523853853853854,3.3478897621042454,2.6244887934417562,4.0712907307667345
12.54966966966967,3.354895267964324,2.63148553255573,4.078305003372918
12.575485485485485,3.36191573801475,2.6384971950969396,4.08533428093256
12.601301301301302,3.3689507289121474,2.645523336392796,4.092378121431499
12.627117117117118,3.37599979731314,2.6525635117597046,4.099436082866576
12.652932932932933,3.3830624998743524,2.659617276504469,4.106507723244236
12.678748748748749,3.39013839325241,2.6666841858068624,4.113592600697958
12.704564564564565,3.397227034103935,2.6737637945035186,4.120690273704351
12.73038038038038,3.404327979085552,2.6808556573748428,4.127800300796261
12.756196196196196,3.4114407848538875,2.687959329209455,4.1349222404983195
12.782012012012013,3.418565008065562,2.695074364807811,4.142055651323313
12.807827827827827,3.4257002053772023,2.702200318985695,4.1492000917687095
12.833643643643644,3.432845933445432,2.7093367465775513,4.156355120313313
12.85945945945946,3.4400017489268744,2.716483202439683,4.163520295414066
12.885275275275275,3.447167208478156,2.7236392414533137,4.170695175502998
12.911091091091091,3.4543418687558978,2.7308044185274873,4.177879318984308
12.936906906906907,3.4615252864167267,2.7379782886018487,4.185072284231605
12.962722722722724,3.4687170181172657,2.745160406649264,4.192273629585268
12.988538538538538,3.4759166205141394,2.7523503276783075,4.199482913349971
13.014354354354355,3.483123650263971,2.759547606735601,4.206699693792341
13.040170170170171,3.4903376640233863,2.766751798908016,4.213923529138757
13.065985985985986,3.4975582184490093,2.773962459324727,4.221153977573292
13.091801801801802,3.504784870197463,2.781179143159125,4.228390597235801
13.117617617617618,3.5120171759253727,2.788401405630591,4.2356329462201545
13.143433433433433,3.519254692289361,2.7956288020061213,4.2428805825726
13.16924924924925,3.526496975946055,2.802860887601819,4.25013306429029
13.195065065065066,3.5337435835520763,2.8100972177842283,4.257389949319924
13.22088088088088,3.54099407176405,2.817337347971543,4.264650795556556
13.246696696696697,3.5482479972386005,2.8245808336346623,4.271915160842539
13.272512512512513,3.555504916632351,2.8318272302981033,4.279182602966599
13.298328328328328,3.562764386601928,2.839076093540781,4.286452679663075
13.324144144144144,3.5700259638039538,2.84632697899663,4.293724948611278
13.34995995995996,3.5772892048950533,2.853579442355098,4.300998967435008
13.375775775775775,3.5845536665318485,2.86083303936149,4.3082742937022065
13.401591591591592,3.5918189053709693,2.868087325817177,4.315550484924762
13.427407407407408,3.5990844780690328,2.8753418575796372,4.322827098558428
13.453223223223223,3.6063499412826676,2.8825961905624005,4.330103692002934
13.479039039039039,3.613614851668497,2.8898498807348054,4.3373798226021885
13.504854854854855,3.6208787658831447,2.897102484121637,4.344655047644652
13.530670670670672,3.6281412405832367,2.9043535568026204,4.351928924363853
13.556486486486486,3.6354018324253943,2.9116026549117615,4.359201009939027
13.582302302302303,3.6426600980662442,2.9188493346365645,4.366470861495924
13.608118118118119,3.6499155941624095,2.926093152217082,4.373738036107737
13.633933933933934,3.6571678773705143,2.9333336639448455,4.3810020907961835
13.65974974974975,3.664416504347183,2.9405704261616403,4.388262582532725
13.685565565565566,3.67166103174904,2.947802995258142,4.395519068239938
13.711381381381381,3.6789010162327087,2.955030927672409,4.4027711047930085
13.737197197197197,3.686136014454814,2.962253779888239,4.410018249021389
13.763013013013014,3.693365583071982,2.969471108433373,4.417260057710591
13.788828828828828,3.7005892787408325,2.976682469877562,4.424496087604103
13.814644644644645,3.7078066581179936,2.983887420830499,4.431725895405489
13.840460460460461,3.715017277860088,2.9910855179352973,4.438949037784878
13.866276276276276,3.7222206946237395,2.998276317708098,4.446165071539381
13.892092092092092,3.729416473093174,3.005459384516209,4.453373561670139
13.917907907907908,3.736604393168834,3.0126344979583504,4.460574288379318
13.943723723723723,3.7437844684668566,3.0198016713763307,4.467767265557383
13.96953953953954,3.750956724338763,3.026960929873269,4.474952518804257
13.995355355355356,3.7581211861360733,3.0341122985625613,4.482130073709586
14.021171171171172,3.76527787921031,3.0412558023646734,4.489299956055946
14.046986986986987,3.772426828912992,3.04839146605004,4.496462191775944
14.072802802802803,3.7795680605956425,3.05551931440063,4.503616806790655
14.09861861861862,3.7867015996097817,3.0626393722139036,4.51076382700566
14.124434434434434,3.793827471306931,3.0697516643022595,4.517903278311603
14.15025025025025,3.8009457010386103,3.0768562154923864,4.525035186584835
14.176066066066067,3.8080563141563433,3.0839530506245283,4.532159577688159
14.201881881881881,3.815159336011647,3.0910421945516457,4.539276477471648
14.227697697697698,3.822254791956046,3.098123672138512,4.54638591177358
14.253513513513514,3.8293427073410604,3.105197508260687,4.553487906421434
14.279329329329329,3.8364231075182085,3.1122637278034193,4.560582487232997
14.305145145145145,3.843496017839016,3.119322355660466,4.567669680017566
14.330960960960962,3.8505614636550005,3.1263734167327897,4.574749510577211
14.356776776776776,3.857619470317684,3.13341693590667,4.581822004728698
14.382592592592593,3.864670063178588,3.140452937817786,4.58888718853939
14.408408408408409,3.871713267589234,3.1474814469289836,4.5959450882494846
14.434224224224224,3.878749108901142,3.15450248769715,4.602995730105134
14.46004004004004,3.8857776124658328,3.1615160845766397,4.610039140355026
14.485855855855856,3.8927988036348276,3.168522262019426,4.617075345250229
14.511671671671673,3.8998127077596485,3.175521044475191,4.6241043710441065
14.537487487487487,3.9068193501918147,3.182512456391333,4.631126243992297
14.563303303303304,3.91381875628285,3.1894965222129255,4.638140990352775
14.58911911911912,3.920810951384273,3.1964732663825783,4.645148636385968
14.614934934934935,3.927795960847605,3.2034427133402605,4.65214920835495
14.640750750750751,3.9347738100243688,3.21040488752303,4.659142732525707
14.666566566566567,3.9417445242660833,3.2173598133647046,4.666129235167462
14.692382382382382,3.9487081289242694,3.224307515242058,4.67310874260648
14.718198198198198,3.9556646493504504,3.2312480172070503,4.68008128149385
14.744014014014015,3.9626141108961477,3.238181343186003,4.687046878606292
14.76982982982983,3.969556538912879,3.2451075170987203,4.694005560727038
14.795645645645646,3.976491958752167,3.252026562860151,4.700957354644183
14.821461461461462,3.9834203957655343,3.2589385043817773,4.707902287149292
14.847277277277277,3.990341875304498,3.265843365572932,4.714840385036064
14.873093093093093,3.9972564227205836,3.2727411703420595,4.721771675099108
14.89890890890891,4.00416406336531,3.2796319425978786,4.728696184132741
14.924724724724724,4.011064822590197,3.2865157062504995,4.735613938929895
14.95054054054054,4.017958725746769,3.29339248521246,4.742524966281078
14.976356356356357,4.024845798186544,3.300262303399683,4.749429292973406
15.002172172172173,4.031726065261044,3.3071251847323735,4.756326945789714
15.027987987987988,4.03859955232179,3.313981153135845,4.763217951507735
15.053803803803804,4.045466284720305,3.3208302325412626,4.770102336899348
15.07961961961962,4.052326287808107,3.327672446886322,4.7769801287298925
15.105435435435435,4.059179586936718,3.334507820115865,4.783851353757571
15.131251251251252,4.066026207457659,3.3413363761824106,4.790716038732907
15.157067067067068,4.072866174722453,3.348158139046624,4.797574210398282
15.182882882882883,4.079699514082617,3.3549731326777046,4.80442589548753
15.208698698698699,4.086526250889676,3.36178138105372,4.811271120725633
15.234514514514515,4.093346410495151,3.3685829081618475,4.818109912828454
15.26033033033033,4.100160018250558,3.375377737998556,4.8249422985025605
15.286146146146146,4.106967099507425,3.3821658945697286,4.83176830444512
15.311961961961963,4.1137676796172675,3.3889474018906824,4.838587957343853
15.337777777777777,4.120561783931608,3.395722283986148,4.845401283877068
15.363593593593594,4.1273494378019695,3.4024905648901647,4.852208310713774
15.38940940940941,4.134130666579873,3.409252268609144,4.859009064550602
15.415225225225225,4.140905495616836,3.416007418841057,4.865803572392615
15.441041041041041,4.147673950264382,3.422756039132677,4.872591861396087
15.466856856856857,4.154436055874033,3.4294981530430233,4.879373958705043
15.492672672672672,4.161191837797308,3.4362337841462147,4.886149891448401
15.518488488488488,4.1679413213857295,3.4429629560329174,4.892919686738542
15.544304304304305,4.174684531990819,3.449685692311695,4.8996833716699415
15.570120120120121,4.181421494964095,3.4564020166102862,4.9064409733179035
15.595935935935936,4.18815223565708,3.4631119525767877,4.913192518737373
15.621751751751752,4.194876779421295,3.4698155238807544,4.919938034961836
15.647567567567569,4.201595151608262,3.4765127542142134,4.926677549002311
15.673383383383383,4.208307377569501,3.48320366729259,4.9334110878464115
15.6991991991992,4.215013482656532,3.489888286855553,4.940138678457512
15.725015015015016,4.2217134922208785,3.496566636667769,4.946860347773988
15.75083083083083,4.22840743161406,3.5032387405195706,4.953576122708549
15.776646646646647,4.235095326187597,3.509904622227546,4.960286030147648
15.802462462462463,4.241777201293012,3.516564305635034,4.96699009695099
15.828278278278278,4.248453082281826,3.5232178146125377,4.973688349951114
15.854094094094094,4.255122994505558,3.529865173058049,4.980380815953067
15.87990990990991,4.261786963315731,3.536506404897298,4.987067521734164
15.905725725725725,4.268445014063868,3.543141534083902,4.993748494043834
15.931541541541542,4.275097172101485,3.5497705845994285,5.000423759603541
15.957357357357358,4.281743462780106,3.556393580453399,5.007093345106814
15.983173173173173,4.288383911451251,3.563010545683167,5.0137572772193355
16.00898898898899,4.295018543466443,3.569621504350269,5.0204155825826176
16.034804804804807,4.301647384177201,3.576226480355991,5.027068287998411
16.06062062062062,4.308270458935048,3.5828254973511506,5.033715420518945
16.086436436436436,4.3148877930915015,3.589418578995157,5.040357007187846
16.112252252252254,4.321499411998087,3.5960057489799437,5.046993075016231
16.13806806806807,4.328105341006323,3.6025870310309376,5.053623650981708
16.163883883883884,4.334705605467729,3.6091624489079512,5.0602487620275065
16.189699699699702,4.34130023073383,3.615732026405965,5.066868435061695
16.215515515515516,4.3478892421561435,3.6222957873558066,5.07348269695648
16.24133133133133,4.354472665086193,3.6288537556247427,5.080091574547643
16.26714714714715,4.361050524875498,3.6354059551169646,5.086695094634032
16.292962962962964,4.367622846875581,3.641952409773975,5.093293283977188
16.31877877877878,4.374189656437962,3.64849314357488,5.099886169301044
16.344594594594597,4.380750978914161,3.655028180536579,5.106473777291743
16.37041041041041,4.387306839655701,3.661557544713859,5.113056134597543
16.396226226226226,4.393857264014103,3.668081260199385,5.119633267828821
16.422042042042044,4.400402277340888,3.6745993511235984,5.126205203558177
16.44785785785786,4.4069419049875735,3.6811118416545066,5.1327719683206405
16.473673673673673,4.413476172305685,3.6876187559973923,5.139333588613977
16.49948948948949,4.420005104646743,3.6941201183944052,5.14589009089908
16.525305305305306,4.426528727362265,3.7006159531240566,5.152441501600473
16.551121121121124,4.433047065803776,3.707106284500637,5.158987847106915
16.57693693693694,4.439560145322797,3.7135911368735073,5.165529153772086
16.602752752752753,4.446067991270844,3.7200705346263025,5.1720654479153865
16.62856856856857,4.452570628999445,3.7265445021760533,5.178596755822837
16.654384384384386,4.4590680838601156,3.733013063972175,5.185123103748056
16.6802002002002,4.46556038120438,3.7394762444953917,5.191644517913368
16.70601601601602,4.472047546383759,3.745934068256542,5.198161024510975
16.731831831831833,4.47852960474977,3.752386559795287,5.2046726497042535
16.757647647647648,4.485006581653937,3.758833743678738,5.211179419629136
16.783463463463466,4.491478502447783,3.7652756444999644,5.217681360395601
16.80927927927928,4.497945392482827,3.771712286876411,5.224178498089243
16.835095095095095,4.50440727744379,3.77814369578142,5.23067085910616
16.860910910910913,4.510864204030183,3.7845699172240437,5.237158490836322
16.886726726726728,4.517316252116468,3.7909910304073327,5.243641473825604
16.912542542542543,4.523763504502419,3.7974071174767152,5.250119891528123
16.93835835835836,4.530206043987803,3.80381826058976,5.256593827385847
16.964174174174175,4.53664395337239,3.8102245417332936,5.263063365011486
16.98998998998999,4.54307731545595,3.81662604261299,5.269528588298909
17.015805805805808,4.549506213038254,3.823022844918237,5.275989581158271
17.041621621621623,4.555930728919068,3.8294150303475685,5.282446427490568
17.06743743743744,4.562350945898168,3.835802680608065,5.288899211188271
17.093253253253256,4.568766946775319,3.842185877414653,5.295348016135984
17.11906906906907,4.575178814350291,3.848564702489366,5.301792926211217
17.14488488488489,4.581586631422856,3.8549392375605054,5.3082340252852065
17.170700700700703,4.587990480792781,3.861309564361741,5.3146713972238215
17.196516516516517,4.59439044525984,3.867675764631143,5.321105125888538
17.222332332332336,4.6007866076237995,3.8740379201101196,5.327535295137479
17.24814814814815,4.60717905068443,3.880396112542314,5.333961988826546
17.273963963963965,4.613567857241501,3.886750423672398,5.340385290810603
17.299779779779783,4.619953110094782,3.893100935244819,5.346805284944745
17.325595595595598,4.626334892044044,3.899447729002451,5.353222055085636
17.351411411411412,4.632713285889056,3.905790886685191,5.359635685092922
17.37722722722723,4.6390883744295905,3.9121304900284737,5.366046258830707
17.403043043043045,4.645460240465412,3.91846662076171,5.372453860169114
17.42885885885886,4.651828966796293,3.924799360606672,5.378858572985914
17.454674674674678,4.658194636222004,3.931128791275781,5.385260481168227
17.480490490490492,4.664557331542315,3.9374549944703405,5.391659668614289
17.506306306306307,4.670917135556994,3.943778051878685,5.398056219235304
17.532122122122125,4.677274131065813,3.9500980451742214,5.404450216957405
17.55793793793794,4.68362840086854,3.9564150559082556,5.410841745828824
17.583753753753754,4.6899800277649435,3.962729165272978,5.417230890256909
17.609569569569572,4.696329094554796,3.969040454133278,5.423617734976315
17.635385385385387,4.702675684037867,3.9753490031150056,5.430002364960729
17.6612012012012,4.709019879013925,3.9816548928272777,5.436384865200573
17.68701701701702,4.715361762282742,3.9879582038729757,5.442765320692509
17.712832832832834,4.721701416644085,3.994259016850672,5.4491438164374975
17.73864864864865,4.728038924897725,4.000557412356504,5.455520437438946
17.764464464464467,4.734374369843432,4.006853470985936,5.461895268700928
17.79028028028028,4.740707834280976,4.01314727333546,5.4682683952264926
17.8160960960961,4.747039401010127,4.0194389000041975,5.474639902016057
17.841911911911915,4.753369152830653,4.025728431595427,5.4810098740658795
17.86772772772773,4.759697172542326,4.032015948718031,5.487378396366622
17.893543543543547,4.7660235429449145,4.038301531987845,5.493745553901984
17.919359359359362,4.7723483468381875,4.044585262028941,5.500111431647434
17.945175175175176,4.778671667021916,4.050867219474823,5.506476114569009
17.970990990990995,4.784993586295872,4.057147484969531,5.512839687622214
17.99680680680681,4.79131418745982,4.06342613916866,5.51920223575098
18.022622622622624,4.797633553313535,4.06970326274033,5.52556384388674
18.048438438438442,4.803951766656783,4.075978936366014,5.531924596947552
18.074254254254257,4.810268910289335,4.082253240741342,5.538284579837328
18.10007007007007,4.816585067010962,4.088526256576784,5.54464387744514
18.12588588588589,4.822900319621434,4.094798064522896,5.551002574719972
18.151701701701704,4.829214750920518,4.101068744948963,5.5573607568920735
18.17751751751752,4.835528443707986,4.10733837817212,5.563718509243852
18.203333333333337,4.841841480783607,4.1136070445337936,5.570075917033421
18.22914914914915,4.848153944947152,4.119874824401529,5.5764330654927745
18.254964964964966,4.854465918998389,4.126141798170702,5.582790039826076
18.280780780780784,4.8607774857370885,4.1324080462661295,5.5891469252080475
18.3065965965966,4.867088727963021,4.138673649143569,5.595503806782474
18.332412412412413,4.873399728475954,4.144938687291097,5.601860769660812
18.35822822822823,4.879710570075663,4.151203241230405,5.6082178989209215
18.384044044044046,4.88602133556191,4.157467391517942,5.614575279605878
18.40985985985986,4.892332107734469,4.163731218746004,5.620932996722934
18.43567567567568,4.898642969393111,4.169994803543668,5.6272911352425545
18.461491491491493,4.904954003337603,4.17625822657763,5.633649780097576
18.487307307307308,4.911265292367715,4.182521568552952,5.6400090161824785
18.513123123123126,4.917576919283221,4.188784910213673,5.646368928352768
18.53893893893894,4.923888966883884,4.195048332343326,5.652729601424442
18.564754754754755,4.930201517969478,4.201311915765348,5.659091120173609
18.590570570570573,4.936514655339774,4.207575741343371,5.665453569336178
18.616386386386388,4.942828461794539,4.213839889981408,5.67181703360767
18.642202202202203,4.949143020133542,4.220104442623934,5.6781815976431504
18.66801801801802,4.955458413156556,4.226369480255859,5.684547346057253
18.693833833833835,4.961774723663349,4.23263508390238,5.690914363424318
18.71964964964965,4.968092034453692,4.238901334628739,5.6972827342786445
18.745465465465468,4.974410428327353,4.245168313539861,5.703652543114845
18.771281281281283,4.980729988084103,4.251436101773592,5.710023874394613
18.797097097097097,4.987050796523709,4.257704780306844,5.716396812740574
18.822912912912916,4.993372936445947,4.263974429916308,5.722771442975587
18.84872872872873,4.999696490650582,4.270245131398092,5.729147849903072
18.87454454454455,5.0060215419373835,4.27651696558161,5.735526118293157
18.900360360360363,5.012348173106123,4.2827900133299135,5.741906332882332
18.926176176176178,5.0186764669565695,4.289064355539942,5.748288578373197
18.951991991991996,5.025006506288493,4.295340073142677,5.754672939434309
18.97780780780781,5.031338373901664,4.3016172471032075,5.761059500700121
19.003623623623625,5.037672152595851,4.307895958420693,5.767448346771009
19.029439439439443,5.044007925170826,4.314176288128248,5.7738395622134036
19.055255255255258,5.050345774426357,4.320458317292713,5.7802332315600005
19.081071071071072,5.056685783162212,4.32674212701435,5.786629439310075
19.10688688688689,5.063028034178165,4.333027798426439,5.793028269929891
19.132702702702705,5.069372610273983,4.339315412694776,5.79942980785319
19.15851851851852,5.075719594249437,4.345605051017089,5.805834137481784
19.184334334334338,5.082069068904296,4.3518967946223475,5.812241343186245
19.210150150150152,5.0884211170383296,4.3581907247699885,5.818651509306671
19.235965965965967,5.094775821451307,4.364486922749051,5.825064720153564
19.261781781781785,5.101133264943002,4.3707854698772115,5.831481060008792
19.2875975975976,5.10749353031318,4.377086447499726,5.837900613126633
19.313413413413414,5.11385670036161,4.383389936988284,5.844323463734936
19.339229229229232,5.120222857888067,4.389696019739778,5.850749696036357
19.365045045045047,5.126592085692316,4.396004777155943,5.857179394228689
19.39086086086086,5.132964466574129,4.402316290354105,5.863612642794153
19.41667667667668,5.139340083333275,4.408630640217592,5.870049526448958
19.442492492492494,5.145719018769525,4.4149479076313956,5.876490129907655
19.46830830830831,5.152101355682647,4.421268173489375,5.882934537875919
19.494124124124127,5.158487176872414,4.427591518694496,5.8893828350503314
19.519939939939942,5.1648765651385915,4.433918024158978,5.895835106118205
19.545755755755756,5.171269603280951,4.440247770804431,5.902291435757471
19.571571571571575,5.177666374099264,4.446580839561898,5.90875190863663
19.59738738738739,5.184066960393297,4.452917311371862,5.915216609414732
19.623203203203204,5.190471444962823,4.4592572671841975,5.921685622741448
19.649019019019022,5.196879910605806,4.465600787956249,5.928159033255363
19.674834834834837,5.203292421427841,4.471947935962109,5.934636906893574
19.70065065065065,5.2097089767851505,4.478298708735391,5.94111924483491
19.72646646646647,5.216129562023618,4.484653089807995,5.947606034239242
19.752282282282284,5.222554162489129,4.491011062720113,5.954097262258146
19.7780980980981,5.228982763527574,4.497372611019849,5.960592916035298
19.803913913913917,5.235415350484837,4.503737718262772,5.967092982706903
19.82972972972973,5.241851908706805,4.51010636801142,5.973597449402191
19.85554554554555,5.2482924235393655,4.516478543834756,5.980106303243975
19.881361361361364,5.2547368803284025,4.522854229307557,5.986619531349248
19.90717717717718,5.261185264419806,4.529233408009761,5.993137120829852
19.932992992992997,5.267637561159463,4.535616063525741,5.999659058793184
19.95880880880881,5.274093755893259,4.542002179443543,6.006185332342975
19.984624624624626,5.280553833967077,4.5483917393540505,6.0127159285801035
20.010440440440444,5.287017780726809,4.554784726850122,6.019250834603496
20.03625625625626,5.293485581518341,4.561181125495108,6.025790037541573
20.062072072072073,5.2999572216875555,4.567580918444015,6.032333524931096
20.08788788788789,5.3064326865803455,4.573984088556413,6.038881284604278
20.113703703703706,5.312911961542593,4.580390618679845,6.045433304405341
20.13951951951952,5.319395031920186,4.58680049165755,6.051989572182821
20.16533533533534,5.325881883059011,4.593213690329938,6.058550075788084
20.191151151151153,5.332372500304956,4.599630197536007,6.065114803073905
20.216966966966968,5.338866869003906,4.606049996114723,6.0716837418930885
20.242782782782786,5.3453649745017495,4.612473068906352,6.078256880097147
20.2685985985986,5.35186680214437,4.618899398753731,6.084834205535008
20.294414414414415,5.358372337277657,4.625328968503511,6.091415706051802
20.320230230230234,5.364881565247496,4.631761761007332,6.098001369487661
20.346046046046048,5.371394471399776,4.6381977591229635,6.104591183676588
20.371861861861863,5.37791104108038,4.644636945715386,6.111185136445374
20.39767767767768,5.384431259635199,4.651079303657841,6.1177832156125564
20.423493493493496,5.390955112410114,4.657524815832806,6.124385408987422
20.44930930930931,5.397482584751017,4.663973465132955,6.1309917043690785
20.47512512512513,5.404013662003792,4.670425234462042,6.137602089545543
20.500940940940943,5.410548329514327,4.67688010673575,6.144216552292905
20.526756756756757,5.417086572628506,4.683338064882488,6.150835080374524
20.552572572572576,5.423628376692221,4.689799091844156,6.1574576615402865
20.57838838838839,5.430173727051353,4.696263170576821,6.164084283525885
20.604204204204205,5.436722609051792,4.7027302840514,6.170714934052183
20.630020020020023,5.443275008039424,4.709200415254251,6.177349600824598
20.655835835835838,5.449830909360134,4.71567354718773,6.183988271532539
20.681651651651652,5.456390298359812,4.722149662870716,6.190630933848909
20.70746746746747,5.462953160384342,4.72862874533906,6.197277575429624
20.733283283283285,5.469519480779612,4.735110777646013,6.20392818391321
20.7590990990991,5.476089244891509,4.741595742862583,6.210582746920434
20.784914914914918,5.482662438065919,4.748083624077862,6.217241252053976
20.810730730730732,5.489239045648726,4.754574404399289,6.223903686898163
20.836546546546547,5.495819052985822,4.761068066952896,6.2305700390187475
20.862362362362365,5.502402445423092,4.76756459488346,6.2372402959627244
20.88817817817818,5.508989208306418,4.774063971354641,6.243914445258195
20.913993993993998,5.515579326981696,4.78056617954908,6.2505924744143115
20.939809809809812,5.522172786794803,4.7870712026683995,6.257274370921206
20.965625625625627,5.52876957309163,4.7935790239332245,6.263960122250035
20.991441441441445,5.535369671218065,4.800089626583105,6.270649715853025
21.01725725725726,5.5419730665199936,4.806602993876406,6.277343139163581
21.043073073073074,5.548579744343301,4.813119109090155,6.284040379596447
21.068888888888893,5.555189690033875,4.819637955519846,6.290741424547904
21.094704704704707,5.561802888937603,4.826159516479178,6.297446261396027
21.12052052052052,5.56841932640037,4.832683775299767,6.304154877500974
21.14633633633634,5.575038987768066,4.839210715330793,6.310867260205338
21.172152152152155,5.581661858386572,4.845740319938613,6.317583396834531
21.19796796796797,5.58828792360178,4.852272572506324,6.324303274697236
21.223783783783787,5.594917168759576,4.858807456433274,6.331026881085878
21.249599599599602,5.6015495792058445,4.865344955134524,6.337754203277165
21.275415415415416,5.608185140286473,4.871885052040277,6.344485228532669
21.301231231231235,5.61482383734735,4.878427730595247,6.351219944099453
21.32704704704705,5.621465655734359,4.88497297425798,6.3579583372107376
21.352862862862864,5.628110580793387,4.891520766500142,6.364700395086632
21.378678678678682,5.634758597870325,4.898071090805751,6.3714461049349
21.404494494494497,5.641409692311054,4.904623930670349,6.37819545395176
21.43031031031031,5.648063849461466,4.91117926960016,6.3849484293227725
21.45612612612613,5.654721054667445,4.917737091111168,6.391705018223722
21.481941941941944,5.661381293274876,4.924297378728169,6.398465207821583
21.50775775775776,5.668044550629647,4.930860115983771,6.405228985275523
21.533573573573577,5.674710812077647,4.937425286417348,6.411996337737946
21.55938938938939,5.681380062964762,4.94399287352352,6.418767252406004
21.585205205205206,5.688052288636875,4.950562860364602,6.425541716909148
21.611021021021024,5.694727474439877,4.957135229784064,6.43231971909569
21.63683683683684,5.701405605719652,4.963709964629882,6.439101246809421
21.662652652652653,5.708086667822088,4.970287047756927,6.445886287887249
21.68846846846847,5.714770646093071,4.976866462027438,6.4526748301587045
21.714284284284286,5.721457525878489,4.983448190311475,6.459466861445503
21.7401001001001,5.728147292524227,4.99003221548732,6.466262369561134
21.76591591591592,5.734839931376172,4.996618520320246,6.473061342432097
21.791731731731733,5.741535427780213,5.003207087103085,6.47986376845734
21.817547547547548,5.748233767082232,5.0097978980180775,6.486669636146387
21.843363363363366,5.754934934628122,5.016390935257247,6.493478933998997
21.86917917917918,5.761638915763765,5.022986181024135,6.500291650503395
21.894994994995,5.768345695835047,5.029583617535488,6.507107774134607
21.920810810810814,5.775055260187859,5.036183227022883,6.513927293352835
21.946626626626628,5.781767594168086,5.04278499173427,6.5207501966019015
21.972442442442446,5.788482683121613,5.0493888939354825,6.527576472307743
21.99825825825826,5.7952005123943255,5.055994915911666,6.534406108876985
22.024074074074075,5.801921067332115,5.062603039968656,6.541239094695574
22.049889889889894,5.808644333280864,5.069213248434283,6.548075418127445
22.075705705705708,5.815370295586462,5.075825523659631,6.554915067513292
22.101521521521523,5.822098939594794,5.082439848020223,6.561758031169366
22.12733733733734,5.828830250651749,5.089056203917143,6.568604297386355
22.153153153153156,5.835564214103211,5.095674573778112,6.575453854428311
22.17896896896897,5.842300815295065,5.102294940058483,6.582306690531647
22.20478478478479,5.849040039573202,5.1089172852422005,6.589162793904204
22.230600600600603,5.855781872283509,5.115541591842665,6.596022152724353
22.256416416416418,5.8625262987718685,5.12216784240356,6.602884755140177
22.282232232232236,5.869273304384172,5.128796019499623,6.609750589268721
22.30804804804805,5.876022874466301,5.135426105737323,6.616619643195279
22.333863863863865,5.882774994364145,5.142058083755521,6.623491904972769
22.359679679679683,5.889529649423592,5.148691936226036,6.630367362621148
22.385495495495498,5.896286824990524,5.1553276458541575,6.63724600412689
22.411311311311312,5.903046506410833,5.161965195379112,6.644127817442554
22.43712712712713,5.909808679030404,5.16860456757445,6.651012790486359
22.462942942942945,5.916573328195123,5.175245745248375,6.657900911141871
22.48875875875876,5.923340439250876,5.18188871124403,6.664792167257723
22.514574574574578,5.9301099975435525,5.188533448439698,6.671686546647407
22.540390390390392,5.936881988419034,5.195179939748959,6.678584037089109
22.566206206206207,5.943656397223214,5.201828168120787,6.685484626325641
22.592022022022025,5.950433209301977,5.208478116539567,6.692388302064387
22.61783783783784,5.9572124100012065,5.215129768025074,6.699295051977339
22.643653653653654,5.963993984666789,5.221783105632383,6.7062048637011955
22.669469469469473,5.970777918644616,5.228438112451725,6.713117724837508
22.695285285285287,5.9775641972805715,5.235094771608263,6.72003362295288
22.7211011011011,5.98435280592054,5.241753066261831,6.72695254557925
22.74691691691692,5.991143729910412,5.248412979606605,6.73387448021422
22.772732732732734,5.9979369545960735,5.255074494870708,6.7407994143214385
22.79854854854855,6.004732465323409,5.261737595315761,6.7477273353310565
22.824364364364367,6.011530247438307,5.268402264236376,6.754658230640238
22.850180180180182,6.018330286286654,5.275068484959583,6.7615920876137245
22.875995995996,6.025132567214337,5.2817362408442055,6.7685288935844685
22.901811811811815,6.031937075567241,5.2884055152801634,6.775468635854318
22.92762762762763,6.038743796691254,5.295076291687737,6.78241130169477
22.953443443443447,6.045552715932262,5.301748553516749,6.789356878347775
22.979259259259262,6.052363818636152,5.3084222842457045,6.7963053530266
23.005075075075077,6.059177090148813,5.31509746738086,6.803256712916766
23.030890890890895,6.065992515816129,5.321774086455244,6.810210945177014
23.05670670670671,6.072810080983986,5.328452125027606,6.817168036940367
23.082522522522524,6.079629770998272,5.335131566681319,6.824127975315225
23.108338338338342,6.086451571204874,5.341812395023222,6.831090747386526
23.134154154154157,6.093275466949679,5.348494593682387,6.838056340216971
23.15996996996997,6.100101443578573,5.3551781463088535,6.845024740848293
23.18578578578579,6.106929486437444,5.361863036572278,6.85199593630261
23.211601601601604,6.113759580872174,5.368549248160549,6.8589699135838
23.23741741741742,6.120591712228655,5.375236764778331,6.865946659678979
23.263233233233237,6.127425865852773,5.381925570145548,6.872926161559998
23.28904904904905,6.134262027090413,5.388615647995815,6.879908406185011
23.314864864864866,6.141100181287462,5.395306982074809,6.886893380500116
23.340680680680684,6.147940313789807,5.401999556138587,6.893881071441027
23.3664964964965,6.154782409943334,5.408693353951836,6.9008714659348325
23.392312312312313,6.161626455093931,5.4153883592860765,6.907864550901785
23.41812812812813,6.168472434587486,5.422084555917803,6.9148603132571695
23.443943943943946,6.17532033376988,5.428781927626556,6.921858739913205
23.46975975975976,6.182170137987005,5.435480458192972,6.9288598177810385
23.49557557557558,6.189021832584747,5.44218013139673,6.935863533772764
23.521391391391393,6.195875402908992,5.448880931014477,6.942869874803508
23.547207207207208,6.202730834305624,5.455582840817673,6.949878827793576
23.573023023023026,6.209588112120535,5.462285844570402,6.956890379670669
23.59883883883884,6.2164472216996085,5.468989926027103,6.963904517372114
23.624654654654655,6.22330814838873,5.475695068930258,6.970921227847202
23.650470470470474,6.23017087753379,5.4824012570080285,6.977940498059551
23.676286286286288,6.237035394480672,5.4891084739718154,6.984962314989528
23.702102102102103,6.243901684575262,5.495816703513783,6.991986665636742
23.72791791791792,6.250769733163452,5.5025259293043245,6.999013537022579
23.753733733733736,6.257639525591122,5.509236134989451,7.006042916192793
23.77954954954955,6.264511047204163,5.515947304188161,7.013074790220165
23.80536536536537,6.271384283348461,5.522659420489716,7.020109146207207
23.831181181181183,6.278259219369901,5.529372467450886,7.027145971288916
23.856996996996997,6.285135840614371,5.536086428593138,7.034185252635605
23.882812812812816,6.292014132427759,5.542801287189086,7.041226977666433
23.90862862862863,6.298894080155949,5.5495170252717365,7.048271135040162
23.93444444444445,6.30577566914483,5.556233624407514,7.055317713882146
23.960260260260263,6.312658884740287,5.562951066120876,7.062366703359698
23.986076076076078,6.319543712288207,5.569669331897781,7.069418092678634
24.011891891891896,6.326430137134478,5.576388403188643,7.076471871080313
24.03770770770771,6.333318144624986,5.583108261411259,7.083528027838713
24.063523523523525,6.3402077201056155,5.5898288879537015,7.0905865522575295
24.089339339339343,6.3470988489222595,5.596550264177199,7.09764743366732
24.115155155155158,6.353991516420794,5.603272371418945,7.104710661422643
24.140970970970972,6.360885707947116,5.609995190994948,7.111776224899283
24.16678678678679,6.367781408847108,5.616718704202775,7.118844113491441
24.192602602602605,6.3746786044666575,5.623442892324318,7.125914316608997
24.21841841841842,6.381577280151648,5.630167736628507,7.132986823674789
24.244234234234238,6.388477421247972,5.636893218374016,7.140061624121927
24.270050050050052,6.395379013101511,5.6436193188119015,7.147138707391121
24.295865865865867,6.402282041058156,5.650346019188254,7.154218062928057
24.321681681681685,6.409186490463789,5.657073300746789,7.161299680180789
24.3474974974975,6.4160923466643,5.663801144731426,7.168383548597173
24.373313313313314,6.422999595005573,5.670529532388829,7.175469657622316
24.399129129129133,6.429908220833498,5.677258444970926,7.182557996696071
24.424944944944947,6.436818209493962,5.683987863737384,7.189648555250541
24.450760760760762,6.443729546332849,5.69071776995807,7.196741322707627
24.47657657657658,6.450642216696046,5.697448144915477,7.203836288476616
24.502392392392395,6.457556205929439,5.704178969907115,7.210933441951763
24.52820820820821,6.464471499378918,5.71091022624789,7.218032772509947
24.554024024024027,6.4713880823903684,5.71764189527242,7.225134269508317
24.579839839839842,6.478305940309674,5.72437395833736,7.232237922281989
24.605655655655656,6.485225058482723,5.7311063968236695,7.239343720141777
24.631471471471475,6.492145422255406,5.737839192138872,7.246451652371939
24.65728728728729,6.499067016973605,5.744572325719257,7.253561708227953
24.683103103103104,6.505989827983207,5.7513057790320765,7.260673876934337
24.708918918918922,6.512913840630101,5.758039533577713,7.267788147682489
24.734734734734737,6.519839040260173,5.764773570891795,7.274904509628551
24.76055055055055,6.526765412219309,5.771507872547302,7.2820229518913155
24.78636636636637,6.5336929418533956,5.778242420156636,7.289143463550155
24.812182182182184,6.540621614508319,5.784977195373662,7.296266033642976
24.837997997998,6.547551415529968,5.791712179895719,7.303390651164217
24.863813813813817,6.5544823302642286,5.798447355465597,7.31051730506286
24.88962962962963,6.561414344056985,5.80518270387349,7.31764598424048
24.91544544544545,6.568347442254128,5.811918206958928,7.324776677549328
24.941261261261264,6.575281610201542,5.8186538466126505,7.331909373790434
24.96707707707708,6.582216833245113,5.825389604778482,7.339044061711744
24.992892892892897,6.589153096730727,5.832125463455164,7.3461807300062905
25.01870870870871,6.596090386004276,5.838861404698156,7.353319367310395
25.044524524524526,6.603028686411639,5.8455974106214015,7.360459962201876
25.070340340340344,6.609967983298709,5.8523334633990896,7.367602503198329
25.09615615615616,6.6169082620113695,5.859069545267348,7.374746978755391
25.121971971971973,6.623849507895509,5.865805638525942,7.381893377265075
25.14778778778779,6.630791706297012,5.872541725539926,7.389041687054099
25.173603603603606,6.637734842561768,5.879277788741263,7.396191896382273
25.19941941941942,6.644678902035659,5.886013810630423,7.403343993440895
25.22523523523524,6.6516238700645784,5.892749773777959,7.410497966351198
25.251051051051054,6.658569731994407,5.89948566082602,7.4176538031627945
25.276866866866868,6.665516473171033,5.906221454489877,7.424811491852189
25.302682682682686,6.672464078940347,5.912957137559397,7.431971020321297
25.3284984984985,6.679412534648231,5.919692692900478,7.439132376395984
25.354314314314315,6.686361825640574,5.92642810345648,7.446295547824668
25.380130130130134,6.69331193726326,5.933163352249602,7.453460522276918
25.40594594594595,6.7002628548621805,5.939898422382254,7.460627287342107
25.431761761761763,6.707214563783218,5.946633297038367,7.467795830528069
25.45757757757758,6.714167049372261,5.953367959484705,7.474966139259816
25.483393393393396,6.721120296975194,5.960102393072133,7.482138200878254
25.50920920920921,6.728074291937906,5.966836581236854,7.489312002638958
25.53502502502503,6.735029019606286,5.973570507501622,7.496487531710951
25.560840840840843,6.741984465326215,5.98030415547691,7.503664775175521
25.586656656656658,6.748940614443582,5.987037508862085,7.51084372002508
25.612472472472476,6.755897452304278,5.993770551446513,7.518024353162042
25.63828828828829,6.762854964254183,6.000503267110651,7.525206661397715
25.664104104104105,6.769813135639186,6.007235639827115,7.532390631451257
25.689919919919923,6.776771951805176,6.0139676536617195,7.539576249948633
25.715735735735738,6.783731398098038,6.020699292774464,7.546763503421611
25.741551551551552,6.790691459863658,6.027430541420525,7.553952378306791
25.76736736736737,6.797652122447924,6.034161383951194,7.5611428609446545
25.793183183183185,6.804613371196722,6.04089180481479,7.568334937578654
25.818998998999,6.811575191455939,6.047621788557557,7.57552859435432
25.844814814814818,6.818537568571461,6.054351319824512,7.58272381731841
25.870630630630632,6.825500487889176,6.061080383360276,7.589920592418076
25.896446446446447,6.832463934754969,6.067808964009877,7.597118905500062
25.922262262262265,6.839427894514729,6.074537046719515,7.6043187423099425
25.94807807807808,6.84639235251434,6.081264616537306,7.611520088491375
25.973893893893898,6.853357294099691,6.087991658613995,7.618722929585387
25.999709709709713,6.860322704616666,6.094718158203634,7.625927251029699
26.025525525525527,6.867288569411155,6.101444100664246,7.633133038158064
26.051341341341345,6.874254873829043,6.108169471458439,7.640340276199648
26.07715715715716,6.881221603216217,6.114894256154007,7.647548950278426
26.102972972972974,6.888188742918562,6.1216184404245,7.654759045412623
26.128788788788793,6.895156278281967,6.128342010049764,7.661970546514171
26.154604604604607,6.902124194652318,6.13506495091644,7.669183438388196
26.180420420420422,6.909092477375502,6.141787249018458,7.676397705732546
26.20623623623624,6.916061111797406,6.148508890457486,7.683613333137326
26.232052052052055,6.923030083263914,6.155229861443347,7.69083030508448
26.25786786786787,6.9299993771209145,6.1619501482944274,7.698048605947402
26.283683683683687,6.9369689787142965,6.1686697374208705,7.7052682200077225
26.309499499499502,6.943938873389944,6.17538861499444,7.712489131785447
26.335315315315317,6.950909046493742,6.182106766960921,7.719711326026564
26.361131131131135,6.957879483371583,6.188824179341145,7.726934787402021
26.38694694694695,6.964850169369348,6.195540838243175,7.7341595004955215
26.412762762762764,6.971821089832926,6.202256729862602,7.741385449803251
26.438578578578582,6.978792230108204,6.208971840482815,7.748612619733593
26.464394394394397,6.9857635755410685,6.215686156475238,7.755840994606899
26.49021021021021,6.992735111477405,6.22239966429954,7.7630705586552695
26.51602602602603,6.999706823263102,6.229112350503824,7.77030129602238
26.541841841841844,7.006678696244045,6.235824201724777,7.777533190763312
26.56765765765766,7.013650715766121,6.242535204687808,7.784766226844434
26.593473473473477,7.020622867175217,6.249245346207138,7.792000388143297
26.61928928928929,7.027595135817219,6.25595461318588,7.799235658448557
26.645105105105106,7.034567507038013,6.262662992616089,7.806472021459938
26.670920920920924,7.041539966183488,6.269370471578772,7.813709460788204
26.69673673673674,7.04851249859953,6.2760770372438905,7.82094795995517
26.722552552552553,7.055485089632025,6.282782676870313,7.828187502393738
26.74836836836837,7.062457724626861,6.289487377805761,7.835428071447961
26.774184184184186,7.069430388929922,6.296191127486718,7.842669650373125
26.8,7.076403067887096,6.3028939134383135,7.849912222335878
