rt_source,rt_target_predicted,ci_lower,ci_upper
0.403516667,0.7753135858031358,-0.03383985472836182,1.5844670263346334
0.40773753787087086,0.7782870902128461,-0.029830971889379443,1.5864051523150717
0.4119584087417417,0.7813219222809874,-0.025799232930550864,1.5884430774925256
0.4161792796126126,0.7844794096659893,-0.021683501617289935,1.5906423209492684
0.4204001504834835,0.7878208800262821,-0.017422642011691747,1.5930644020642561
0.42462102135435437,0.7914076610202967,-0.012955518185609805,1.5957708402262032
0.42884189222522523,0.7953010803064638,-0.008220969521228638,1.5988231301341562
0.4330627630960961,0.7995624655432129,-0.0031578300457040243,1.6022827611321298
0.43728363396696696,0.8042531443889755,0.002295083366919748,1.6062112054110314
0.4415045048378378,0.8094344445021807,0.008198996727774466,1.610669892276587
0.4457253757087087,0.8151676935412602,0.014615162849348717,1.6157202242331716
0.4499462465795796,0.8215061411075204,0.021596797307579352,1.6214154849074616
0.45416711745045046,0.8283925236624604,0.029086667733883464,1.6276983795910374
0.4583879883213213,0.8356895093448431,0.036947546780055296,1.634431471909631
0.4626088591921922,0.8432579761121067,0.04504049348802297,1.6414754587361906
0.46682973006306305,0.8509588019216887,0.053226644136516565,1.6486909597068609
0.4710506009339339,0.858652864731026,0.0613672145729367,1.6559385148891153
0.4752714718048048,0.8662010424975565,0.069323498315363,1.66307858667975
0.47949234267567564,0.8734643615097025,0.07695701998265769,1.6699717030367474
0.48371321354654656,0.8803475857270285,0.08417312472881944,1.6765220467252377
0.4879340844174174,0.8868599285941222,0.09098169081959451,1.68273816636865
0.4921549552882883,0.8930258653352258,0.09740794145018206,1.6886437892202695
0.49637582615915915,0.8988698711745802,0.10347718070199274,1.6942625616471676
0.5005966970300301,0.9044164213364267,0.10921478954340813,1.6996180531294454
0.5048175679009009,0.9096899910450071,0.11464622334624419,1.70473375874377
0.5090384387717718,0.9147150555245629,0.11979700743816524,1.7096331036109604
0.5132593096426427,0.9195160899993358,0.12469272928001973,1.7143394507186518
0.5174801805135135,0.9241175696935662,0.12935903143012695,1.7188761079570054
0.5217010513843844,0.9285439698314963,0.13382160920851482,1.7232663304544777
0.5259219222552552,0.932819765637368,0.13810620811326768,1.7275333231614685
0.5301427931261261,0.9369694323354218,0.14223861972650842,1.7317002449443353
0.534363663996997,0.9410174451498995,0.14624467724342294,1.735790213056376
0.5385845348678678,0.9449882793050429,0.1501502431301499,1.7398263154799358
0.5428054057387387,0.9489040092468706,0.15397879305602868,1.7438292254377123
0.5470262766096097,0.9527697802644557,0.1577368648409695,1.747802695687942
0.5512471474804805,0.9565834571966986,0.16142370760928837,1.7517432067841088
0.5554680183513514,0.9603428766340327,0.1650385309264214,1.755647222341644
0.5596888892222223,0.9640458751668916,0.16858054176607107,1.759511208567712
0.5639097600930931,0.967690289385708,0.17204894063739462,1.7633316381340214
0.568130630963964,0.9712739558809153,0.1754428941817726,1.7671050175800578
0.5723515018348349,0.9747947112429474,0.1787615161211904,1.7708279063647043
0.5765723727057057,0.9782503920622373,0.18200388927157285,1.7744968948529016
0.5807932435765766,0.9816388349292187,0.18516907238875968,1.7781085974696778
0.5850141144474474,0.9849578764343238,0.18825609855096848,1.781659654317679
0.5892349853183183,0.9882053531679871,0.1912639735297078,1.7851467328062665
0.5934558561891892,0.9913791017206418,0.19419167415986816,1.7885665292814155
0.59767672706006,0.9944769586827205,0.1970381467079041,1.7919157706575368
0.6018975979309309,0.9974967606446574,0.19980230523692766,1.795191216052387
0.6061184688018018,1.0004363441968849,0.20248302996744028,1.7983896584263295
0.6103393396726726,1.0032935459298373,0.20507916563236384,1.8015079262273108
0.6145602105435435,1.0060662024339473,0.20758951982496865,1.804542885042926
0.6187810814144143,1.0087521502996486,0.2100128613241815,1.8074914392751156
0.6230019522852853,1.0113492261173742,0.2123479014400096,1.8103505507947388
0.6272228231561562,1.0138552664775575,0.21459323126364194,1.8131173016914732
0.631443694027027,1.0162681079706322,0.21674736196987876,1.8157888539713856
0.6356645648978979,1.0185855871870313,0.21880875709913727,1.8183624172749253
0.6398854357687688,1.0208055407171877,0.2207758333316926,1.8208352481026826
0.6441063066396396,1.0229258051515355,0.22264696064734446,1.8232046496557266
0.6483271775105105,1.0249442170805076,0.22442046246658554,1.8254679716944298
0.6525480483813814,1.0268586130945379,0.22609461577224677,1.827622610416829
0.6567689192522522,1.028666829784059,0.22766765121067112,1.8296660083574472
0.6609897901231232,1.0303667037395043,0.2291377513538394,1.8315956561251694
0.6652106609939941,1.0319560715513079,0.23050301878170765,1.833409124320908
0.6694315318648649,1.0334327698099022,0.2317614807708661,1.8351040588489382
0.6736524027357358,1.0347946351057211,0.2329111192860137,1.8366781509254286
0.6778732736066067,1.0360399587254143,0.23395032375272728,1.8381295936981012
0.6820941444774775,1.0371715601160723,0.23488193147784497,1.8394611887542995
0.6863150153483484,1.0381948564472692,0.2357113157255799,1.8406783971689584
0.6905358862192192,1.0391152957174632,0.23644384224175452,1.8417867491931719
0.6947567570900901,1.0399383259251134,0.23708484019776077,1.842791811652466
0.698977627960961,1.0406693950686785,0.23763960365042314,1.8436991864869339
0.7031984988318318,1.0413139511466172,0.23811339295048117,1.844514509342753
0.7074193697027027,1.0418774421573878,0.23851143526758356,1.8452434490471918
0.7116402405735736,1.042365316099449,0.23883890269319064,1.8458917295057073
0.7158611114444444,1.0427830209712603,0.23910090494157188,1.8464651370009486
0.7200819823153153,1.0431360047712799,0.2393024920539717,1.846969517488588
0.7243028531861861,1.043429715497966,0.23944867327511188,1.8474107577208199
0.728523724057057,1.043669601149778,0.23954440995408832,1.8477947923454674
0.7327445949279279,1.0438611097251744,0.23959464523271645,1.8481275742176324
0.7369654657987987,1.0440096892226138,0.2396042944819573,1.8484150839632703
0.7411863366696696,1.0441207876405554,0.2396042944819573,1.848663329574342
0.7454072075405405,1.0441998529774572,0.2396042944819573,1.848878320840554
0.7496280784114114,1.0442523332317781,0.2396042944819573,1.849066065192177
0.7538489492822823,1.044283676401977,0.2396042944819573,1.8492325729349441
0.7580698201531532,1.044299330486513,0.2396042944819573,1.849383870620092
0.762290691024024,1.0443047434838435,0.2396042944819573,1.8495259772148562
0.7665115618948949,1.0443053633924282,0.2396042944819573,1.8496648965606766
0.7707324327657658,1.0443066382107256,0.2396042944819573,1.8498066149776298
0.7749533036366366,1.0443140159371944,0.2396042944819573,1.8499570990188763
0.7791741745075076,1.0443329445702931,0.2396042944819573,1.8501222933754686
0.7833950453783785,1.044368872108481,0.2396042944819573,1.8503081189319532
0.7876159162492493,1.044427246550216,0.2396042944819573,1.8505204709731897
0.7918367871201202,1.0445135158939574,0.2396042944819573,1.8507652175428884
0.796057657990991,1.0446331281381636,0.2396042944819573,1.8510481979543176
0.8002785288618619,1.0447915312812939,0.2396042944819573,1.85137522145367
0.8044993997327328,1.044994173321806,0.2396042944819573,1.8517520660365245
0.8087202706036036,1.0452465022581592,0.2396042944819573,1.8521844774178282
0.8129411414744745,1.0455539660888113,0.2396042944819573,1.8526781681557773
0.8171620123453454,1.0459220128122229,0.2396042944819573,1.8532388169299
0.8213828832162162,1.0463560904268512,0.2396042944819573,1.8538720679736056
0.8256037540870871,1.0468616469311556,0.2396042944819573,1.854583530661392
0.829824624957958,1.0474441303235942,0.2396042944819573,1.855378779325558
0.8340454958288288,1.0481089886026258,0.23995461332068557,1.856263363884566
0.8382663666996997,1.0488616697667097,0.24048051722580954,1.8572428223076098
0.8424872375705705,1.0497076218143042,0.2410925807221025,1.858322662906506
0.8467081084414414,1.0506522927438677,0.24179622360564446,1.859508361882091
0.8509289793123123,1.051701130553859,0.24259689758014436,1.8608053635275739
0.8551498501831831,1.0528595832427377,0.2435000859238301,1.8622190805616452
0.859370721054054,1.0541329413369902,0.24451114389102035,1.86375473878296
0.8635915919249249,1.0555233379861317,0.24563225552710488,1.8654144204451586
0.8678124627957957,1.0570299872889999,0.24686266134580492,1.8671973132321948
0.8720333336666667,1.0586519936297745,0.24820150970817378,1.8691024775513752
0.8762542045375376,1.0603884613926358,0.24964796892270746,1.8711289538625642
0.8804750754084084,1.0622384949617656,0.2512012270666283,1.873275762856903
0.8846959462792793,1.0642011987213427,0.25286049173602976,1.8755419057066556
0.8889168171501501,1.0662756770555484,0.2546249897251919,1.877926364385905
0.893137688021021,1.0684610343485623,0.25649396663536395,1.8804281020617606
0.8973585588918919,1.0707563749845663,0.2584666864133942,1.8830460635557384
0.9015794297627628,1.0731608033477393,0.26054243082055417,1.8857791758749245
0.9058003006336336,1.0756734238222625,0.262720498831991,1.8886263488125339
0.9100211715045045,1.0782933407923159,0.2650002059671899,1.8915864756174419
0.9142420423753754,1.08101965864208,0.2673808835519289,1.894658433732231
0.9184629132462463,1.0838514817557359,0.2698618764700995,1.8978410870413722
0.9226837841171172,1.0867879145174633,0.27244250277151705,1.9011333262634094
0.926904654987988,1.0898280613114424,0.27512204476361934,1.9045340778592654
0.9311255258588589,1.0929710265218546,0.27789978895513323,1.908042264088576
0.9353463967297297,1.0962159145328791,0.28077502801195053,1.9116568010538078
0.9395672676006006,1.0995618297286978,0.28374706041657205,1.9153765990408234
0.9437881384714715,1.1030078764934899,0.28681519008891565,1.9192005628980642
0.9480090093423423,1.1065531592114357,0.289978725968721,1.9231275924541504
0.9522298802132132,1.1101967822667165,0.293236981559754,1.927156582973679
0.9564507510840841,1.1139378500435122,0.29658927443601446,1.93128642565101
0.9606716219549549,1.1177754669260036,0.3000349257101699,1.9355160081418372
0.9648924928258258,1.1217087372983705,0.30357325946441893,1.939844215132322
0.9691133636966967,1.1257367655447943,0.30720360214398423,1.9442699289456042
0.9733342345675675,1.1298586560494543,0.31092528191342605,1.9487920301854826
0.9775551054384385,1.1340735131965316,0.31473760907496584,1.9534094173180974
0.9817759763093094,1.1383804413702066,0.31863980642249246,1.9581210763179207
0.9859968471801802,1.142778544954659,0.3226310677819977,1.9629260221273204
0.9902177180510511,1.1472669283340704,0.3267105823558516,1.9678232743122892
0.9944385889219219,1.1518446958926203,0.3308775349183193,1.9728118568669213
0.9986594597927928,1.1565109520144892,0.33513110598597506,1.9778907980430032
1.0028803306636638,1.161264801083858,0.3394704719649275,1.9830591302027885
1.0071012015345344,1.166105347484907,0.343894805274938,1.988315889694876
1.0113220724054055,1.1710316956018163,0.34840327445045927,1.9936601167531733
1.0155429432762761,1.176042949818766,0.35299504421869243,1.9990908554188394
1.0197638141471472,1.1811382145199383,0.35766927555471695,2.0046071534851597
1.0239846850180179,1.1863165940895108,0.36242512571374685,2.0102080624652747
1.028205555888889,1.1915771929116663,0.3672617482406163,2.0158926375827164
1.0324264267597596,1.1969191153705836,0.37217829295654725,2.02165993778462
1.0366472976306307,1.202341465850445,0.3771739059232714,2.0275090257776185
1.0408681685015015,1.2078433487354292,0.38224772938458573,2.033438968086273
1.0450890393723724,1.2134238684097174,0.3873988956657395,2.0394488411536953
1.0493099102432433,1.2190821292574898,0.39262644676714276,2.045537811747837
1.0535307811141141,1.2248172356629266,0.39792935563180787,2.051705115694045
1.057751651984985,1.2306282920102094,0.40330658943965125,2.0579499945807678
1.0619725228558559,1.2365144026835162,0.4087571120010235,2.064271693366009
1.0661933937267267,1.2424746720670299,0.414279884579536,2.070669459554524
1.0704142645975976,1.2485082045449292,0.41987386668576165,2.0771425424040966
1.0746351354684684,1.2546141045013959,0.42553801684193093,2.083690192160861
1.0788560063393393,1.2607914763206096,0.4312712933176417,2.0903116593235778
1.0830768772102102,1.2670394243867509,0.43707265483671587,2.097006193936786
1.087297748081081,1.2733570530840002,0.4429410612552297,2.1037730449127707
1.091518618951952,1.2797434667965377,0.4488754742107919,2.110611459382284
1.0957394898228228,1.2861977699085443,0.45487485774313197,2.1175206820739567
1.0999603606936939,1.2927190668042003,0.46093817888604194,2.1244999547223586
1.1041812315645645,1.299306461867685,0.4670644082307188,2.1315485155046514
1.1084021024354356,1.3059590594831814,0.47325252046059274,2.13866559850577
1.1126229733063062,1.3126759640348666,0.47950149485761506,2.145850433212118
1.1168438441771773,1.3194562799069236,0.48581031578013867,2.1531022440337084
1.121064715048048,1.3262991114835316,0.4921779731123609,2.1604202498547025
1.125285585918919,1.3332035631488721,0.4986034626854181,2.167803663612326
1.1295064567897897,1.340168739287124,0.5050857866701641,2.1752516919040836
1.1337273276606608,1.3471937442824695,0.5116239539416861,2.182763534623253
1.1379481985315314,1.3542776825190863,0.5182169804155887,2.190338384622584
1.1421690694024025,1.3614196583811584,0.5248638893561384,2.1979754274061785
1.1463899402732731,1.3686187762528625,0.5315637116562767,2.2056738408494483
1.1506108111441442,1.375874140518383,0.5383154860896171,2.213432794947149
1.154831682015015,1.3831848555618966,0.5451182595344288,2.2212514515893647
1.159052552885886,1.390550025767586,0.5519710871697475,2.2291289643654246
1.1632734237567568,1.3979687555196305,0.5588730326436285,2.2370644783956326
1.1674942946276277,1.4054401492022113,0.565823168213665,2.245057130190758
1.1717151654984985,1.4129633111995086,0.5728205748598357,2.2531060475391813
1.1759360363693694,1.4205373458957022,0.5798643423697923,2.2612103494216123
1.1801569072402402,1.428161357674973,0.5869535693966914,2.2693691459532546
1.1843777781111111,1.4358344509215015,0.5940873589077801,2.277581542935223
1.188598648981982,1.4435557300194681,0.6012647405335901,2.2858467195053462
1.1928195198528528,1.4513242993530533,0.608484682036418,2.2941639166696888
1.1970403907237237,1.459139263306437,0.6157461587465917,2.3025323678662826
1.2012612615945946,1.4669997262638004,0.6230481564690296,2.310951296058571
1.2054821324654654,1.4749047926093235,0.6303896720082781,2.319419913210369
1.2097030033363363,1.4828535667271867,0.6377697136616581,2.327937419792715
1.2139238742072074,1.490845153001571,0.645187301680527,2.3365030043226147
1.218144745078078,1.4988786558166547,0.6526414686997347,2.345115842933575
1.222365615948949,1.5069531795566216,0.6601312601353054,2.3537750989779376
1.2265864868198197,1.5150678286056487,0.6676557345503982,2.3624799226608992
1.2308073576906908,1.523221707347919,0.6752139639896466,2.3712294507061915
1.2350282285615615,1.5314139201676114,0.6828050342819305,2.380022806053292
1.2392490994324326,1.5396435714489074,0.6904280453116943,2.3888590975861206
1.2434699703033032,1.5479097655759868,0.6980821112589088,2.3977374198930645
1.2476908411741743,1.5562116069330294,0.7057663608077973,2.4066568530582613
1.251911712045045,1.564548199904217,0.7134799373244709,2.415616462483963
1.256132582915916,1.572918648873729,0.721221999003603,2.424615298743855
1.2603534537867866,1.5813220582257463,0.7289917189843086,2.433652397467184
1.2645743246576577,1.589757532344449,0.7367882854354183,2.44272677925348
1.2687951955285284,1.5982241756140183,0.7446109016103183,2.4518374496177184
1.2730160663993995,1.606721092418633,0.752458785871559,2.4609833989657073
1.2772369372702703,1.615247387142476,0.7603311716854692,2.4701636025994826
1.2814578081411412,1.623802164169725,0.7682273075869718,2.479377020752478
1.285678679012012,1.6323845278845617,0.7761464571148735,2.48862259865425
1.289899549882883,1.640993582671167,0.7840878987178711,2.497899266624463
1.2941204207537538,1.6496284329137203,0.7920509256315296,2.5072059401959113
1.2983412916246246,1.6582881829964033,0.8000348457265213,2.5165415202662853
1.3025621624954955,1.6669719373033947,0.8080389813284067,2.5259048932783825
1.3067830333663664,1.6756788002188758,0.8160626690092511,2.5352949314285005
1.3110039042372372,1.6844078761270274,0.8241052593513832,2.5447104929026714
1.315224775108108,1.69315826941203,0.8321661166835882,2.554150422140472
1.319445645978979,1.7019290844580632,0.8402446187900708,2.5636135501260555
1.3236665168498498,1.710719425649308,0.8483401551449693,2.5730986961536466
1.3278873877207207,1.7195283973699447,0.8564520418799139,2.5826047528599756
1.3321082585915915,1.7283551040041534,0.8645794714604819,2.592130736547825
1.3363291294624626,1.7371986499361156,0.8727216310140199,2.6016756688582112
1.3405500003333333,1.7460581395500094,0.8808777137270694,2.6112385653729495
1.3447708712042044,1.754932677230018,0.8890469190812286,2.6208184353788075
1.348991742075075,1.7638213673603196,0.8972284530721786,2.6304142816484606
1.353212612945946,1.7727233143250964,0.9054215284120043,2.6400251002381885
1.3574334838168167,1.781637622508527,0.9136253647149035,2.6496498803021504
1.3616543546876878,1.7905633962947936,0.9218391886664236,2.6592876039231634
1.3658752255585584,1.7994997400680752,0.9300622341763107,2.6689372459598397
1.3700960964294295,1.808445758212554,0.938293742515148,2.67859777390996
1.3743169673003002,1.8174005551124075,0.9465329624348335,2.6882681477899815
1.3785378381711713,1.8263632351518193,0.9547791502731167,2.697947320030522
1.382758709042042,1.835332902714967,0.9630315700422382,2.7076342353876957
1.386979579912913,1.844308662186034,0.97128949350189,2.717327830870178
1.3912004507837836,1.853289617949198,0.9795522002165501,2.727027035681846
1.3954213216546547,1.8622748743886415,0.9878189775974172,2.736730771179866
1.3996421925255256,1.8712635358885432,0.9960891209290196,2.7464379508480667
1.4038630633963964,1.8802547068330844,1.0043619333806784,2.7561474802854904
1.408083934267267,1.889247491606445,1.0126367260029747,2.7658582572099153
1.4123048051381382,1.8982409945928065,1.0209128177093456,2.7755691714762674
1.4165256760090088,1.9072343201763486,1.0291895352429719,2.7852791051097254
1.42074654687988,1.9162265727412515,1.0374662131291248,2.7949869323533783
1.424967417750751,1.9252168566716965,1.0457421936130817,2.8046915197303113
1.4291882886216216,1.934204276351862,1.054016826583819,2.814391726119905
1.4334091594924927,1.9431879361659308,1.0622894694835656,2.824086402848296
1.4376300303633633,1.952166940498082,1.0705594872034396,2.8337743937927242
1.4418509012342344,1.9611403937324967,1.0788262519652578,2.8434545354997356
1.446071772105105,1.9701074002533543,1.0870891431897005,2.8531256573170083
1.4502926429759762,1.9790670644448367,1.0953475473509797,2.8627865815386935
1.4545135138468468,1.9880184906911222,1.103600857818126,2.8724361235641185
1.4587343847177179,1.996960783376394,1.1118484746830772,2.882073092069711
1.4629552555885885,2.0058930468848293,1.1200898045756618,2.891696289193997
1.4671761264594596,2.014814385600613,1.1283242604656682,2.901304510735558
1.4713969973303302,2.0237239039079196,1.1365512614520532,2.910896546363786
1.4756178682012013,2.0326207061909347,1.1447702325395206,2.920471179842349
1.479838739072072,2.0415038968338357,1.152980604402471,2.9300271892652003
1.484059609942943,2.050372580220805,1.1611818131365468,2.9395633473050635
1.4882804808138137,2.059225860736021,1.169373299997793,2.9490784214742494
1.4925013516846848,2.0680628427636663,1.177554511129618,2.9585711743977146
1.4967222225555554,2.076882630687919,1.1857248972775696,2.9680403640982687
1.5009430934264265,2.085684328892962,1.1938839134920798,2.977484744293844
1.5051639642972972,2.0944670417629725,1.2020310188192052,2.98690306470674
1.5093848351681682,2.103229873682135,1.2101656759794892,2.9962940713847805
1.5136057060390389,2.1119719290346257,1.2182873510349315,3.00565650703432
1.51782657690991,2.1206923122046284,1.2263955130442068,3.01498911136505
1.5220474477807806,2.129390127576322,1.2344896337060955,3.024290621446548
1.5262683186516517,2.1380644795338877,1.2425691869911988,3.0335597720765763
1.5304891895225223,2.1467144724615035,1.250633648761942,3.042795296161065
1.5347100603933934,2.1553392107433536,1.2586824963809025,3.0519959251058046
1.538930931264264,2.1639377987636146,1.2667152083073818,3.0611603892198476
1.5431518021351351,2.1725093409064695,1.274731263682321,3.070287418130618
1.5473726730060062,2.1810529415560995,1.2827301419014183,3.0793757412107805
1.5515935438768769,2.1895677050966817,1.290711322176466,3.0884240880168976
1.555814414747748,2.1980527359123996,1.2986742830848559,3.097431188739943
1.5600352856186186,2.2065071383874315,1.3066185021071237,3.1063957746677393
1.5642561564894897,2.2149300169059587,1.314543455152534,3.1153165786593835
1.5684770273603603,2.2233204758521614,1.3224486160725146,3.1241923356318084
1.5726978982312314,2.231677619610221,1.3303334561618976,3.133021783058544
1.576918769102102,2.240000552564316,1.3381974436477964,3.1418036614808353
1.5811396399729731,2.248288379098629,1.3460400431659831,3.150536715031275
1.5853605108438438,2.256540203597339,1.3538607152246147,3.1592196919700637
1.5895813817147149,2.2647551304446267,1.3616589156551062,3.1678513452341472
1.5938022525855855,2.2729322640246714,1.36943409504999,3.1764304329993527
1.5980231234564566,2.281070708721657,1.3771856981875255,3.1849557192557887
1.6022439943273272,2.2891695689197595,1.3849131634428258,3.1934259743966935
1.6064648651981983,2.2972279490031635,1.392615922185305,3.201839975821022
1.610685736069069,2.3052449533560457,1.4002933981621268,3.2101965085499646
1.61490660693994,2.3132196863625896,1.407945006867423,3.2184943658577563
1.6191274778108107,2.321151252406973,1.4155701548969657,3.2267323499169804
1.6233483486816818,2.329038755873378,1.4231682392880074,3.234909272458748
1.6275692195525524,2.3368813164634585,1.4307386552396357,3.2430239776872813
1.6317900904234235,2.3446785754442527,1.4382810728795676,3.251076078008938
1.6360109612942941,2.3524308117160597,1.4457955004315466,3.259066123000573
1.6402318321651652,2.360138343004414,1.453281956498774,3.2669947295100537
1.6444527030360359,2.367801487034846,1.460740449591936,3.2748625244777556
1.648673573906907,2.375420561532889,1.4681709789257402,3.282670144140038
1.6528944447777776,2.3829958842240737,1.475573535197248,3.2904182332508993
1.6571153156486487,2.3905277728339347,1.4829481013464645,3.298107444321405
1.6613361865195193,2.398016545088002,1.4902946532995398,3.305738436876464
1.6655570573903904,2.405462518711811,1.4976131606950456,3.313311876728576
1.6697779282612615,2.4128660114308893,1.5049035875936079,3.3208284352681705
1.6739987991321321,2.4202273409707726,1.5121658931713151,3.32828878877023
1.6782196700030032,2.427546825056992,1.5194000323971601,3.335693617716824
1.6824405408738738,2.4348247814150814,1.5266059566948633,3.3430436061352995
1.686661411744745,2.442061527770569,1.5337836145893124,3.3503394409518252
1.6908822826156156,2.449257381848991,1.5409329523379331,3.3575818113600486
1.6951031534864867,2.4564126613758783,1.5480539145471481,3.3647714082046085
1.6993240243573573,2.463527684076762,1.5551464447742207,3.371908923379303
1.7035448952282284,2.4706027676771773,1.5622104861146382,3.3789950492397165
1.707765766099099,2.477638229902653,1.5692459817751976,3.3860304780301087
1.71198663696997,2.4846343884787236,1.5762528756330099,3.3930159013244374
1.7162075078408408,2.4915915611309205,1.5832311127805045,3.3999520094813365
1.7204283787117118,2.4985100655847767,1.5901806400565874,3.406839491112966
1.7246492495825825,2.505390219565823,1.597101406564061,3.413679032567585
1.7288701204534536,2.512232340799593,1.6039933641733857,3.4204713174258004
1.7330909913243242,2.5190367470116186,1.6108564680128612,3.427217026010376
1.7373118621951953,2.5258037559274316,1.6176906769452954,3.4339168349095677
1.741532733066066,2.532533685272563,1.6244959540311878,3.4405714165139383
1.745753603936937,2.5392268527725497,1.6312722669784958,3.4471814385666035
1.7499744748078077,2.545883576152918,1.6380195885789348,3.4537475637269015
1.7541953456786787,2.552504173139205,1.6447378971309283,3.460270449147482
1.7584162165495494,2.5590889614569394,1.6514271768490754,3.4667507460648035
1.7626370874204205,2.5656382588316564,1.6580874182602272,3.4731890994030854
1.766857958291291,2.5721523829888855,1.664718618586081,3.4795861473916903
1.7710788291621622,2.578631651654161,1.6713207821122995,3.4859425211960224
1.7752997000330328,2.585076382553015,1.6778939205440784,3.4922588445619516
1.779520570903904,2.591486893410978,1.6844380533481362,3.4985357334738194
1.7837414417747746,2.597863501953584,1.690953208081066,3.5047737958261016
1.7879623126456456,2.6042065259063643,1.6974394207039565,3.5109736311087723
1.7921831835165167,2.6105162829948507,1.7038967358832744,3.517135830106427
1.7964040543873874,2.6167930909445767,1.710325207277855,3.5232609746112984
1.8006249252582585,2.623037267481075,1.716724897811992,3.5293496371501583
1.804845796129129,2.629249130329877,1.7230958799345006,3.535402380725253
1.8090666670000002,2.6354289972165135,1.7294382358636915,3.5414197585693357
1.8132875378708708,2.6415771858665185,1.7357520578181538,3.5474023139148834
1.817508408741742,2.647694014005424,1.7420374482332779,3.55335057977757
1.8217292796126126,2.653779799358762,1.7482945199633977,3.5592650787541262
1.8259501504834836,2.659834859652065,1.7545233964695033,3.565146322834627
1.8301710213543543,2.665859512610864,1.7607242119923872,3.5709948132293414
1.8343918922252254,2.671854075960694,1.7668971117111918,3.5768110402101962
1.838612763096096,2.6778188674270846,1.7730422518871949,3.5825954829669744
1.842833633966967,2.68375420473557,1.779159799992843,3.5883486094782966
1.8470545048378377,2.6896604056116793,1.7852499348258517,3.594070876397507
1.8512753757087088,2.695537787780949,1.7913128466083639,3.5997627289535346
1.8554962465795795,2.701386668968908,1.7973487370710464,3.60542460086677
1.8597171174504505,2.7072073669010908,1.8033578195220799,3.611056914280102
1.8639379883213212,2.713000199303028,1.8093403189009383,3.6166600797051176
1.8681588591921923,2.718765483900252,1.8152964718169193,3.622234495983585
1.872379730063063,2.7245035384182956,1.821226526572354,3.6277805502642373
1.876600600933934,2.730214680582691,1.8271307431704182,3.6332986179949636
1.8808214718048046,2.7358992281189716,1.833009393307543,3.6387890629304
1.8850423426756757,2.741557498752667,1.8388627603502876,3.6442522371550465
1.8892632135465464,2.747189810209311,1.844691139296737,3.649688481121885
1.8934840844174174,2.7527964802144367,1.850494836722298,3.6550981237065754
1.897704955288288,2.758377826493574,1.856274170709896,3.660481482277252
1.9019258261591592,2.763934166772258,1.8620294707645457,3.6658388627799705
1.9061466970300303,2.769465818776018,1.8677610777122493,3.6711705598397866
1.910367567900901,2.774973100230388,1.8734693435832288,3.6764768568775477
1.914588438771772,2.780456328860901,1.8791546314794443,3.681758026242358
1.9188093096426426,2.785915822393087,1.884817315426404,3.68701432935977
1.9230301805135137,2.7913518985524806,1.8904577802092715,3.6922460168956897
1.9272510513843844,2.7967648750646115,1.8960764211932162,3.6974533289360068
1.9314719222552554,2.8021550696550137,1.9016736441280728,3.7026364951819546
1.935692793126126,2.8075228000492185,1.9072498649372385,3.7077957351611985
1.9399136639969972,2.81286838397276,1.9128055094908805,3.71293125845464
1.9441345348678678,2.8181921391511686,1.9183410133633991,3.718043264938938
1.9483554057387389,2.8234943833099773,1.9238568215751979,3.7231319450447566
1.9525762766096095,2.828775434174718,1.9293533883187468,3.7281974800306896
1.9567971474804806,2.8340356094709223,1.9348311766689439,3.7332400422729006
1.9610180183513513,2.8392752269241237,1.940290658277816,3.738259795570431
1.9652388892222223,2.8444946042598556,1.9457323130535145,3.743256895466197
1.969459760093093,2.8496940592036473,1.951156628823663,3.7482314895836315
1.973680630963964,2.8548739094810314,1.9565641009830377,3.753183717979025
1.9779015018348347,2.8600344728175426,1.9619552321255886,3.7581137135094966
1.9821223727057058,2.8651760669387105,1.9673305316608043,3.7630216022166167
1.9863432435765764,2.8702990095700684,1.9726905154144134,3.7679075037257235
1.9905641144474475,2.875403618437149,1.97803570521341,3.772771531660888
1.9947849853183182,2.880490211265484,1.9833666284554239,3.7776137940755445
1.9990058561891892,2.8855591057806063,1.9886838176623562,3.782434393898856
2.00322672706006,2.8906106197080477,1.993987810018329,3.7872334293977663
2.007447597930931,2.8956450707733405,1.9992791468918503,3.792010994654831
2.0116684688018016,2.9006627767020157,2.0045583733422117,3.7967671800618197
2.0158893396726727,2.905664055219608,2.009826037610037,3.8015020728291784
2.0201102105435433,2.9106492240516477,2.0150826905919352,3.80621575751136
2.0243310814144144,2.9156186009236684,2.0203288852991976,3.810908316548139
2.0285519522852855,2.9205725035612007,2.0255651763004727,3.8155798308219286
2.032772823156156,2.925511249689778,2.030792119148303,3.8202303802312527
2.0369936940270272,2.930435157034932,2.0360102697894593,3.8248600442804044
2.041214564897898,2.9353445433221954,2.0412201839589503,3.8294689026854405
2.045435435768769,2.940239726277101,2.0464224165575855,3.834057035996617
2.0496563066396396,2.9451210236251795,2.0516175210129597,3.8386245262373992
2.0538771775105107,2.949988753091965,2.0568060486237227,3.8431714575602074
2.0580980483813813,2.954843232402987,2.061988547886953,3.847697916919021
2.0623189192522524,2.9596847792837813,2.0671655638084934,3.852203994759069
2.066539790123123,2.9645137114598774,2.072337637196025,3.85668978572373
2.070760660993994,2.969330346656808,2.077505303934717,3.861155389378899
2.074981531864865,2.9741350026001063,2.0826690942452055,3.865600910955007
2.079202402735736,2.9789279970153046,2.0878295319236986,3.8700264621069107
2.0834232736066065,2.983709647627934,2.092987133563927,3.8744321616919413
2.0876441444774776,2.988480272163528,2.0981424077607427,3.8788181365663137
2.0918650153483482,2.993240188347617,2.1032958542950397,3.8831845224001946
2.0960858862192193,2.9979897139057345,2.1084479581035662,3.887531469707903
2.10030675709009,3.0027291665634137,2.1135990131606164,3.891859319966211
2.104527627960961,3.0074588640461855,2.118749081452685,3.896168646639686
2.1087484988318317,3.012179124079582,2.123898203871763,3.9004600442874007
2.1129693697027028,3.0168902643891378,2.129046414565531,3.9047341142127445
2.1171902405735734,3.0215926027003803,2.134193741424805,3.9089914639759558
2.1214111114444445,3.026286456738845,2.1393402065593228,3.9132327069183677
2.125631982315315,3.0309721442300654,2.144485826761949,3.917458461698182
2.1298528531861862,3.0356499828995713,2.1496306139614187,3.921669351837724
2.134073724057057,3.040320290472895,2.1547745756637484,3.9258660052820415
2.138294594927928,3.0449833846755716,2.159917715382378,3.9300490539687654
2.1425154657987986,3.04963958323313,2.1650600330570984,3.934219133409161
2.1467363366696697,3.0542892038711047,2.170201525461915,3.9383768822802945
2.1509572075405408,3.058932564315026,2.175342186601815,3.9425229420282366
2.1551780784114114,3.063569982290427,2.1804820080985547,3.9466579564822992
2.1593989492822825,3.0682017755228426,2.1856209795654777,3.9507825714802074
2.163619820153153,3.0728282617377993,2.1907590889714044,3.9548974345041943
2.167840691024024,3.077449758660834,2.1958963229936233,3.9590031943280444
2.172061561894895,3.0820665840174772,2.201032667359978,3.9631005006749764
2.176282432765766,3.086679055533262,2.2061681071800776,3.9671900038864467
2.1805033036366366,3.091287490933719,2.2113026272656104,3.9712723546018274
2.1847241745075077,3.0958922079443822,2.216436212439773,3.9753482034489913
2.1889450453783783,3.1004935242907825,2.221568847835751,3.979418200745814
2.1931659162492494,3.1050917576984536,2.226700519184282,3.9834829962126252
2.19738678712012,3.1096872258929267,2.231831213090217,3.987543238695636
2.201607657990991,3.114280246599735,2.236960917298081,3.9915995759013887
2.2058285288618618,3.1188711375444083,2.2420896209465333,3.995652654142283
2.210049399732733,3.1234602164524827,2.2472173148117385,3.999703118093227
2.2142702706036035,3.128047801049487,2.2523439915395307,4.003751610559443
2.2184911414744746,3.1326342090609556,2.2574696458663355,4.007798772255576
2.222712012345345,3.13721975821242,2.262594274828771,4.0118452415960695
2.2269328832162163,3.1418047662294106,2.2677178779618554,4.015891654496966
2.231153754087087,3.1463895508374633,2.2728404574857435,4.019938644189183
2.235374624957958,3.1509744297621087,2.2779620184808818,4.023986841043335
2.2395954958288287,3.155559720728877,2.2830825690515444,4.02803687240621
2.2438163666996997,3.1601457414633036,2.2882021204776217,4.0320893624489855
2.2480372375705704,3.1647328096909186,2.2933206873545537,4.036144932027283
2.2522581084414415,3.169321243137256,2.2984382877213814,4.040204198553131
2.256478979312312,3.173911359527846,2.3035549431767204,4.044267775878972
2.260699850183183,3.1785034765882227,2.3086706789826477,4.048336274193797
2.2649207210540543,3.1830979120439173,2.3137855241563483,4.052410299931486
2.269141591924925,3.187694983620463,2.3188995115494238,4.0564904556915025
2.273362462795796,3.1922950090433897,2.3240126779147827,4.060577340171997
2.2775833336666667,3.1968983060382334,2.3291250639610013,4.064671548115466
2.2818042045375377,3.201505192330522,2.334236714394026,4.068773670267019
2.2860250754084084,3.2061159856457917,2.339347677946183,4.072884293345401
2.2902459462792795,3.2107310037095727,2.3444580073923103,4.077004000026835
2.29446681715015,3.2153505642473976,2.349567759552981,4.081133368941814
2.298687688021021,3.2199749849847983,2.354676995284698,4.085272974684898
2.302908558891892,3.2246045836473076,2.359785779456962,4.089423387837654
2.307129429762763,3.2292396779604573,2.3648941809161164,4.093585175004798
2.3113503006336336,3.2338805856497794,2.3700022724359213,4.0977588988636375
2.3155711715045046,3.238527624440806,2.3751101306547042,4.101945118226908
2.3197920423753753,3.243181112059072,2.380217835999078,4.106144388119066
2.3240129132462464,3.2478413662301073,2.3853254725940873,4.110357259866127
2.328233784117117,3.2525087046794434,2.390433128159762,4.114584281199124
2.332454654987988,3.257183445132615,2.395540879016318,4.118826011248912
2.3366755258588587,3.2618659053151506,2.400648698258787,4.123083112371514
2.34089639672973,3.266556402952587,2.4057565225612665,4.127356283343907
2.3451172676006005,3.271255255770453,2.4108643024029295,4.131646209137976
2.3493381384714715,3.2759627814942824,2.415972002865499,4.135953560123066
2.353559009342342,3.2806792978496064,2.4210796041782987,4.140278991520915
2.3577798802132133,3.285405122561958,2.4261871022346453,4.14462314288927
2.362000751084084,3.29014057335687,2.4312945090791116,4.1489866376346285
2.366221621954955,3.2948859679598743,2.436401853365296,4.153370082554453
2.3704424928258256,3.2996416240965027,2.4415091807836613,4.157774067409344
2.3746633636966967,3.3044078594922874,2.4466165544590766,4.162199164525498
2.3788842345675674,3.309184991872761,2.4517240553176656,4.166645928427856
2.3831051054384385,3.3139733389634545,2.456831782422602,4.1711148955043065
2.3873259763093095,3.3187732184899024,2.4619398532785124,4.175606583701293
2.39154684718018,3.323584948177637,2.4670484041041334,4.180121492251141
2.3957677180510513,3.328408845752188,2.472157590072951,4.184660101431424
2.399988588921922,3.3332452289390897,2.4772675855215014,4.189222872356678
2.4042094597927925,3.338094415463871,2.4823785841250885,4.193810246802654
2.4084303306636636,3.342956723052069,2.4874907990406827,4.198422647063455
2.4126512015345343,3.3478324694292128,2.492604460939243,4.203060477919182
2.4168720724054054,3.3527219723208352,2.4977197705350527,4.207724174106618
2.421092943276276,3.3576255494524703,2.502836899568917,4.212414199336024
2.425313814147147,3.362543518549649,2.5079560412353583,4.21713099586394
2.4295346850180177,3.367476197337902,2.5130774129454623,4.221874981730342
2.433755555888889,3.3724239035427632,2.518201256680184,4.226646550405342
2.4379764267597595,3.377386954889765,2.523327839297694,4.2314460704818355
2.4421972976306305,3.382365669104439,2.528457452794535,4.236273885414343
2.4464181685015016,3.387360363912318,2.533590414520385,4.241130313304252
2.4506390393723723,3.392371357038934,2.538727067346267,4.2460156467316015
2.4548599102432433,3.397398966209818,2.5438677797860962,4.250930152633539
2.459080781114114,3.402443509150504,2.549012946071511,4.2558740722294965
2.463301651984985,3.407505303586524,2.5541629861799526,4.260847620993095
2.4675225228558557,3.4125846672434097,2.559318345816032,4.265850988670787
2.471743393726727,3.417681917846693,2.5644794963462676,4.270884339347118
2.4759642645975974,3.4227973731219077,2.5696469346872948,4.27594781155652
2.4801851354684685,3.427931350794585,2.5748211831477206,4.281041518441449
2.484406006339339,3.4330841685902556,2.5800027892238537,4.286165547956657
2.4886268772102103,3.438256144234454,2.58519232534952,4.291319963119388
2.492847748081081,3.443447595452712,2.590390388600296,4.296504802305128
2.497068618951952,3.4486588399705616,2.5955976003524706,4.3017200795886525
2.5012894898228226,3.4538901955135355,2.6008146058970905,4.3069657851299805
2.5055103606936937,3.459141979807165,2.6060420740095296,4.3122418856048
2.5097312315645643,3.4644145105769826,2.6112806964749655,4.317548324679
2.5139521024354354,3.469708105548522,2.6165311875702546,4.32288502352679
2.518172973306306,3.475023082447312,2.621794283502656,4.328251881391967
2.522393844177177,3.4803597589988886,2.6270707418059627,4.333648776191815
2.526614715048048,3.485718452928782,2.6323613406944792,4.339075565163085
2.530835585918919,3.4910994819625243,2.6376668783754598,4.344532085549589
2.5350564567897895,3.496503163825649,2.6429881723204733,4.350018155330825
2.5392773276606606,3.501929816243689,2.6483260584963038,4.3555335739910745
2.5434981985315313,3.507379756942173,2.6536813905558967,4.36107812332845
2.5477190694024023,3.5128533036466356,2.659055038989897,4.366651568303374
2.551939940273273,3.518350774082611,2.66444789023933,4.372253657925892
2.556160811144144,3.5238724859756285,2.6698608457699144,4.377884126181343
2.5603816820150147,3.5294187570512205,2.675294811097401,4.38354270300504
2.564602552885886,3.5349899050349207,2.6807505975226746,4.389229212547167
2.568823423756757,3.540586247652261,2.686228957748242,4.39494353755628
2.5730442946276275,3.546208102628773,2.6917306460272465,4.4006855592303
2.5772651654984986,3.5518557876899894,2.6972564187257544,4.406455156654225
2.5814860363693692,3.557529620561442,2.7028070340297887,4.412252207093095
2.5857069072402403,3.563229918968662,2.708383251636839,4.418076586300485
2.589927778111111,3.568957000637184,2.7139858324318564,4.423928168842511
2.594148648981982,3.574711183292539,2.719615538147795,4.429806828437283
2.5983695198528527,3.5804927846602594,2.7252731310107565,4.435712438309762
2.602590390723724,3.586302122465878,2.730959373369721,4.441644871562035
2.6068112615945944,3.5921395144349257,2.7366750273109517,4.4476040015589
2.6110321324654655,3.598005278292937,2.742420854257022,4.453589702328852
2.615253003336336,3.6038997317654413,2.748197614550473,4.45960184898041
2.6194738742072072,3.6098231925779745,2.75400606702212,4.465640318133829
2.623694745078078,3.615775978456064,2.7598469685439255,4.471704988368202
2.627915615948949,3.621758407125246,2.7657210735664495,4.4777957406840425
2.6321364868198196,3.62777079631105,2.7716291336407535,4.483912458981346
2.6363573576906907,3.6338134637390116,2.777571896924766,4.490055030553257
2.6405782285615613,3.6398867271346593,2.7835501076739453,4.496223346595373
2.6447990994324324,3.645990904223529,2.7895645057161875,4.50241730273087
2.649019970303303,3.652126312731148,2.7956158259108346,4.508636799551462
2.653240841174174,3.6582932703830546,2.8017047975916656,4.514881743174444
2.6574617120450448,3.6644920949047757,2.8078321439936884,4.521152045815863
2.661682582915916,3.6707231040218486,2.813998581663606,4.527447626380091
2.6659034537867865,3.6769866154598008,2.820204809988771,4.53376842093083
2.6701243246576576,3.6832829469441686,2.826451360150517,4.54011453373782
2.6743451955285282,3.6896124162004797,2.832738621075781,4.5464862113251785
2.6785660663993993,3.6959753409542695,2.8390669633759513,4.552883718532588
2.68278693727027,3.7023720389310695,2.8454367436656938,4.559307334196445
2.687007808141141,3.708802827856414,2.8518483052011265,4.565757350511701
2.691228679012012,3.7152680254558312,2.858301978502389,4.572234072409273
2.6954495498828828,3.7217679494548563,2.864798081960752,4.57873781694896
2.699670420753754,3.72830291757902,2.871336922430343,4.585268912727697
2.7038912916246245,3.7348732475538573,2.877918795804616,4.591827699303098
2.7081121624954956,3.7414792571048965,2.884543987577675,4.5984145266321175
2.712333033366366,3.7481212639576715,2.8912127733905857,4.605029754524757
2.7165539042372373,3.754799585837716,2.8979254195627524,4.611673752112679
2.720774775108108,3.76151454047056,2.904682183608491,4.6183468973326285
2.724995645978979,3.7682664455817374,2.9114833147389367,4.625049576424538
2.7292165168498497,3.7750556188967788,2.9183290543493454,4.631782183444212
2.7334373877207208,3.7818823781412183,2.9252196364919367,4.6385451197905
2.7376582585915914,3.7887470410405863,2.9321552883343514,4.645338793746821
2.7418791294624625,3.795649925320419,2.939136230603858,4.65216362003698
2.746100000333333,3.8025913487062426,2.9461626780173513,4.659020019395133
2.750320871204204,3.809571628923593,2.953234839697312,4.665908418149874
2.754541742075075,3.8165910836980026,2.9603529195737233,4.672829247822282
2.758762612945946,3.823650030755003,2.9675171167720973,4.679782944737909
2.7629834838168166,3.830748787820125,2.974727625987662,4.6867699496525885
2.7672043546876877,3.8378876726189035,2.9819846378457835,4.693790707392024
2.7714252255585583,3.8450670028768683,2.989288339248673,4.700845666505064
2.7756460964294294,3.852287096319554,2.9966389137084897,4.707935278930619
2.7798669673003,3.85954827067249,3.004036541666835,4.715059999678145
2.784087838171171,3.8668508436612097,3.0114814008007493,4.7222202865216705
2.7883087090420418,3.8741951330112485,3.0189736663152136,4.7294165997072835
2.792529579912913,3.881581456448135,3.02651351122221,4.73664940167406
2.7967504507837835,3.889010131697402,3.0341011066064043,4.7439191567884
2.8009713216546546,3.8964814764845825,3.041736621877451,4.751226331091714
2.8051921925255257,3.9039958085352087,3.0494202250089657,4.758571392061452
2.8094130633963963,3.9115534455748118,3.0571520827641683,4.765954808385455
2.8136339342672674,3.9191547053289257,3.0649323609082675,4.773377049749584
2.817854805138138,3.926799905523081,3.072761224407505,4.780838586638657
2.822075676009009,3.9344893638828102,3.080638837615003,4.788339890150617
2.8262965468798797,3.942223398133646,3.088565364443287,4.795881431824005
2.830517417750751,3.950002326001122,3.096540968523586,4.803463683478658
2.8347382886216215,3.9578264652107666,3.104565813351832,4.811087117069701
2.8389591594924926,3.9656961334881164,3.1126400624214603,4.818752204554772
2.843180030363363,3.973611648558701,3.1207638793428587,4.826459417774544
2.8474009012342343,3.9815733281480545,3.128937427949584,4.834209228346525
2.851621772105105,3.989581489981707,3.1371608723912705,4.842002107572144
2.855842642975976,3.997636451785193,3.145434377213208,4.8498385263571775
2.8600635138468467,4.005738531284043,3.1537581074226164,4.857718955145469
2.8642843847177177,4.01388804620379,3.162132228541547,4.865643863866032
2.8685052555885884,4.022085314269965,3.170556906646405,4.873613721893526
2.8727261264594595,4.030330653208103,3.179032308394093,4.881628998022113
2.87694699733033,4.038624380743733,3.1875586010347092,4.889690160452757
2.881167868201201,4.046966814602388,3.1961359524107986,4.897797676793976
2.885388739072072,4.0553582725096025,3.204764530943117,4.905952014076088
2.889609609942943,4.063799072190908,3.2134445056028897,4.9141536387789255
2.8938304808138136,4.072289531371834,3.2221760458705075,4.922403016873161
2.8980513516846846,4.080829967777916,3.2309593216806674,4.930700613875165
2.9022722225555553,4.089420699134684,3.239794503353889,4.939046894915479
2.9064930934264264,4.098062043167672,3.2486817615143924,4.947442324820951
2.910713964297297,4.1067543176024115,3.2576212669943057,4.955887368210518
2.914934835168168,4.115497840164435,3.2666131907241587,4.964382489604712
2.9191557060390387,4.1242929285792735,3.2756577036096375,4.972928153548909
2.92337657690991,4.133139900572462,3.2847549685012694,4.981524832643654
2.927597447780781,4.142039073869529,3.2939050268833476,4.99017312085571
2.9318183186516515,4.150990766196011,3.303107830362366,4.998873702029655
2.9360391895225226,4.159995295277437,3.312363337266677,5.007627253288196
2.9402600603933933,4.169052978839337,3.3216715159316483,5.016434441747027
2.9444809312642644,4.1781641346072504,3.331032345303252,5.025295923911249
2.948701802135135,4.187329080306704,3.34044581551089,5.034212345102517
2.952922673006006,4.196548133663231,3.3499119284092864,5.043184338917174
2.9571435438768767,4.205821612402365,3.359430698089148,5.052212526715581
2.961364414747748,4.215149834249638,3.3690021513563653,5.0612975171429095
2.9655852856186184,4.224533116930579,3.378626328179555,5.070439905681603
2.9698061564894895,4.2339717781707265,3.388303282105687,5.079640274235766
2.97402702736036,4.2434661356956065,3.398033080643499,5.088899190747714
2.9782478982312313,4.253016507230754,3.4078158056145664,5.0982172088469415
2.982468769102102,4.262623210501702,3.417651553471691,5.107594867531713
2.986689639972973,4.272286563233982,3.427540435584437,5.117032690883528
2.9909105108438436,4.282006883153126,3.4374825784916045,5.126531187814647
2.9951313817147147,4.291784487984667,3.4474781241203596,5.136090851848974
2.9993522525855854,4.301619695454135,3.457527229971899,5.1457121609363705
3.0035731234564564,4.311512823287066,3.467630069273403,5.1553955773007285
3.007793994327327,4.321464189208987,3.477786831096116,5.165141547321857
3.012014865198198,4.331474110945436,3.487997720439399,5.174950501451473
3.016235736069069,4.341542906221942,3.4982629582805655,5.184822854163319
3.02045660693994,4.351670892764036,3.5085827815904027,5.19475900393767
3.0246774778108105,4.361858388297254,3.5189574433142465,5.20475933328026
3.0288983486816816,4.372105710547126,3.529387212318467,5.214824208775786
3.0331192195525523,4.382413177239184,3.5398723733023076,5.224953981176061
3.0373400904234233,4.392781106098962,3.550413226675029,5.235148985522895
3.041560961294294,4.40320981485199,3.5610100883982008,5.245409541305779
3.045781832165165,4.413699621223802,3.5716632897932143,5.2557359526543905
3.050002703036036,4.424250842939928,3.5823731773139027,5.266128508565954
3.054223573906907,4.434863797725903,3.5931401122842987,5.276587483167507
3.058444444777778,4.445538803307259,3.603964470601509,5.287113136013009
3.0626653156486485,4.456276177409525,3.6148466424037307,5.29770571241532
3.0668861865195196,4.467076237758238,3.6257870317034517,5.308365443813024
3.0711070573903902,4.477939302078925,3.6367860559858376,5.319092548172012
3.0753279282612613,4.488865688097123,3.64784414577241,5.3298872304218365
3.079548799132132,4.49985571353836,3.658961744150018,5.340749682926702
3.083769670003003,4.510909696128173,3.6701393062652343,5.351680085991111
3.0879905408738737,4.522027953592089,3.681377298784209,5.362678608399969
3.092211411744745,4.533210803655647,3.6926761993180994,5.373745407993195
3.0964322826156154,4.544458564044371,3.704036495814123,5.384880632274618
3.1006531534864865,4.555771516225536,3.715458641682888,5.396084390768184
3.104874024357357,4.567149643151607,3.7269427355495193,5.407356550753695
3.1090948952282282,4.578592781017479,3.7384887067344823,5.4186968553004755
3.113315766099099,4.590100764997851,3.750096492918591,5.430105037077112
3.11753663696997,4.601673430267427,3.7617660410580136,5.44158081947684
3.1217575078408406,4.613310612000909,3.7734973070231885,5.453123916978629
3.1259783787117117,4.625012145373001,3.7852902552068963,5.464734035539105
3.1301992495825823,4.636777865558403,3.7971448581015244,5.476410873015282
3.1344201204534534,4.648607607731822,3.809061095845581,5.488154119618064
3.138640991324324,4.660501207067957,3.821038955739492,5.499963458396421
3.142861862195195,4.672458498741513,3.8330784317307485,5.511838565752277
3.147082733066066,4.684479317927191,3.845179523868463,5.5237791119859185
3.151303603936937,4.696563499799696,3.857342237727349,5.535784761872043
3.1555244748078075,4.708710879533728,3.8695665838012165,5.547855175266238
3.1597453456786786,4.720921292303991,3.881852576865999,5.559990007741984
3.1639662165495492,4.7331945732851874,3.8942002353123546,5.572188911258021
3.1681870874204203,4.745530557652022,3.9066095737503566,5.584451541553687
3.1724079582912914,4.757929080579195,3.9190805441633616,5.596777616995028
3.176628829162162,4.77038997724141,3.931613063237722,5.609166891245098
3.180849700033033,4.78291308281337,3.9442070477193374,5.621619117907403
3.1850705709039038,4.795498232469775,3.956862414603213,5.634134050336337
3.189291441774775,4.808145261385333,3.9695790809057327,5.646711441864933
3.1935123126456455,4.820854004734741,3.982356963415155,5.6593510460543275
3.1977331835165166,4.833624297692706,3.995195978420373,5.67205261696504
3.2019540543873872,4.84645597543393,4.008096041174989,5.684815909692871
3.2061749252582583,4.859348873133115,4.021057031045676,5.697640715220554
3.210395796129129,4.872302825964961,4.034078754864531,5.710526897065391
3.214616667,4.885317669104176,4.047161008461406,5.723474329746947
3.2188375378708707,4.898393237725458,4.0603035854636085,5.736482889987308
3.2230584087417418,4.9115293670035145,4.073506277576101,5.749552456430928
3.2272792796126124,4.9247258921130435,4.086768874842008,5.762682909384079
3.2315001504834835,4.937982648228752,4.100091165883521,5.775874130573984
3.235721021354354,4.951299470525338,4.113472938123099,5.789126002927578
3.239941892225225,4.964676194177508,4.126913977985038,5.8024384103699775
3.244162763096096,4.978112654359962,4.140414071077318,5.815811237642606
3.248383633966967,4.991608686247407,4.1539730023537915,5.829244370141022
3.2526045048378376,5.005164125014541,4.167590556256624,5.842737693772458
3.2568253757087087,5.018778805836068,4.181266516839048,5.856291094833089
3.2610462465795793,5.032452563886692,4.195000667868395,5.86990445990499
3.2652671174504504,5.046185234341116,4.208792792909328,5.883577675772903
3.269487988321321,5.05997665237404,4.222642675387392,5.897310629360688
3.273708859192192,5.07382665316017,4.23655009863275,5.91110320768759
3.2779297300630628,5.087735071874207,4.250514845904165,5.9249552978442495
3.282150600933934,5.101701743690854,4.26453670039319,5.938866786988518
3.286371471804805,5.115726503784815,4.27861544520857,5.9528375623610605
3.2905923426756756,5.129809187330789,4.292750863340825,5.9668675113207525
3.2948132135465467,5.143949629503482,4.306942737607045,5.98095652139992
3.2990340844174173,5.158147665477594,4.321190850575846,5.995104480379343
3.3032549552882884,5.172403130427832,4.335494984472516,6.009311276383149
3.307475826159159,5.186715859528896,4.3498549106292215,6.02357680842857
3.31169669703003,5.201085687955489,4.364270320694589,6.0379010552163885
3.3159175679009008,5.215512450882311,4.378740869800291,6.052284031964332
3.320138438771772,5.229995983484073,4.393266213225626,6.066725753742519
3.3243593096426425,5.244536120935467,4.407846007149177,6.081226234721757
3.3285801805135136,5.259132698411204,4.4224799091888745,6.095785487633533
3.332801051384384,5.2737855510859815,4.437167578919656,6.110403523252307
3.3370219222552553,5.288494514134506,4.451908678368806,6.125080349900205
3.341242793126126,5.303259422731476,4.466702872488816,6.139815972974136
3.345463663996997,5.3180801120516,4.481549829607786,6.154610394495414
3.3496845348678677,5.332956417269576,4.496449221857251,6.1694636126819
3.3539054057387387,5.347888173560108,4.511400725577407,6.1843756215428085
3.3581262766096094,5.3628752160978985,4.526404021699671,6.199346410496126
3.3623471474804805,5.377917380057653,4.541458796106475,6.2143759640088305
3.366568018351351,5.393014500614069,4.556564739968255,6.229464261259883
3.370788889222222,5.4081664129418545,4.571721550057608,6.244611275826101
3.375009760093093,5.423372952215707,4.586928929040458,6.259816975390955
3.379230630963964,5.438633953610334,4.60218658574427,6.2750813214763985
3.3834515018348346,5.453949252300436,4.617494229792824,6.290404274808049
3.3876723727057056,5.469318683460719,4.632851508803104,6.305785858118333
3.3918932435765763,5.4847420822658774,4.648258032121586,6.321226132410169
3.3961141144474474,5.500219283890622,4.663713417123309,6.3367251506579345
3.400334985318318,5.515750123509651,4.679217290837339,6.352282956181964
3.404555856189189,5.531334436297672,4.69476929068123,6.367899581914114
3.40877672706006,5.546972057429383,4.710369065160253,6.383575049698513
3.412997597930931,5.5626628220794885,4.726016274531215,6.399309369627762
3.417218468801802,5.578406565422691,4.741710591430704,6.415102539414678
3.4214393396726726,5.594203122633691,4.757451701467578,6.430954543799804
3.4256602105435436,5.610052328887198,4.773239303779593,6.446865353994803
3.4298810814144143,5.6259540193579065,4.789073111553919,6.462834927161894
3.4341019522852854,5.641908029220525,4.804952852511523,6.478863205929526
3.438322823156156,5.657914193649753,4.8208782693551955,6.4949501179443105
3.442543694027027,5.673972347820294,4.836849120181145,6.511095575459444
3.4467645648978977,5.690082326906852,4.852865178854055,6.52729947495965
3.450985435768769,5.706243966084129,4.86892623534552,6.543561696822738
3.4552063066396395,5.722457100526826,4.885032096035777,6.559882105017875
3.4594271775105105,5.73872156540965,4.901182583978685,6.576260546840614
3.463648048381381,5.755037195907299,4.917377539129925,6.592696852684673
3.4678689192522523,5.771403827194479,4.93361681853841,6.609190835850549
3.472089790123123,5.787821294445889,4.949900296500909,6.6257422923908695
3.476310660993994,5.804289432836236,4.96622786467989,6.642351000992582
3.4805315318648646,5.820808077540221,4.98259943218466,6.659016722895782
3.4847524027357357,5.837377063732547,4.999014925615864,6.675739201849231
3.4889732736066064,5.853996226587915,5.015474289073423,6.692518164102407
3.4931941444774774,5.87066540128103,5.0319774841280225,6.709353318434038
3.497415015348348,5.8873844229865915,5.048524489756282,6.726244356216901
3.501635886219219,5.904153126879309,5.0651153022397795,6.743190951518838
3.50585675709009,5.920971348133876,5.081749935028054,6.760192761239698
3.510077627960961,5.937838921925002,5.098428418565819,6.777249425284186
3.5142984988318315,5.954755683427388,5.11515080008456,6.794360566770216
3.5185193697027026,5.971721467815737,5.131917143358768,6.811525792272706
3.5227402405735733,5.988736110264749,5.148727528426999,6.828744692102498
3.5269611114444444,6.005799445949131,5.1655820512780615,6.8460168406202
3.5311819823153154,6.0229113100435825,5.18248082350256,6.863341796584605
3.535402853186186,6.040071537722807,5.199423971910049,6.880719103535565
3.539623724057057,6.057279964161509,5.216411638112146,6.898148290210872
3.543844594927928,6.0745364245343865,5.23344397807179,6.915628870996983
3.548065465798799,6.091840754016148,5.250521161619037,6.933160346413258
3.5522863366696695,6.1091927877814935,5.267643371933588,6.9507422036293995
3.5565072075405406,6.126592361005127,5.284810804994424,6.968373917015829
3.5607280784114113,6.144039308861747,5.302023668996786,6.986054948726708
3.5649489492822823,6.161533466526062,5.3192821837368145,7.003784749315309
3.569169820153153,6.17907466917277,5.336586579964091,7.021562758381449
3.573390691024024,6.196662751976577,5.3539370987023895,7.039388405250764
3.5776115618948947,6.2142975501121835,5.371333990538911,7.057261109685456
3.581832432765766,6.231978898754295,5.3887775148821735,7.075180282626416
3.5860533036366364,6.249706633077609,5.406267939188849,7.0931453269663685
3.5902741745075075,6.267480588256836,5.42380553815977,7.111155638353902
3.594495045378378,6.285300599466671,5.441390592905225,7.129210606028118
3.5987159162492492,6.3031665018818215,5.459023390079805,7.147309613683838
3.60293678712012,6.321078130676988,5.476704220986861,7.165452040367116
3.607157657990991,6.339035321026875,5.494433380652748,7.183637261401002
3.6113785288618616,6.357037908106184,5.512211166870913,7.201864649341455
3.6155993997327327,6.375085727089619,5.530037879215905,7.2201335749633335
3.6198202706036033,6.39317861315188,5.547913818027338,7.238443408276423
3.6240411414744744,6.411316401467674,5.56583928336375,7.256793519571597
3.628262012345345,6.429498927211697,5.5838145712762,7.275183283147195
3.632482883216216,6.447726025558659,5.60183989651564,7.293612154601677
3.636703754087087,6.465997531683258,5.619915369761801,7.312079693604715
3.640924624957958,6.484313280760201,5.63804098660334,7.3305855749170625
3.645145495828829,6.502673107964187,5.656216667344717,7.349129548583656
3.6493663666996996,6.521076848469916,5.674442321758129,7.367711375181704
3.6535872375705707,6.539524337452099,5.692717850570203,7.386330824333996
3.6578081084414413,6.558015410085432,5.711043145849736,7.404987674321129
3.6620289793123124,6.576549901544621,5.729418091380387,7.423681711708856
3.666249850183183,6.595127647004366,5.747842563018258,7.442412730990474
3.670470721054054,6.613748481639373,5.766316429034513,7.4611805342442334
3.674691591924925,6.632412240624342,5.784839550443018,7.479984930805666
3.678912462795796,6.651118759133978,5.803411781313159,7.498825736954798
3.6831333336666665,6.669867872342981,5.8220329690677834,7.5177027756181785
3.6873542045375376,6.6886594154260575,5.840702954766426,7.536615876085689
3.6915750754084082,6.707493223557906,5.859421573373784,7.555564873742028
3.6957959462792793,6.726369131913232,5.878188654013607,7.574549609812858
3.70001681715015,6.745286975666736,5.8970040202079135,7.5935699311255584
3.704237688021021,6.764246589993125,5.915867490101768,7.6126256898844815
3.7084585588918917,6.783247810067095,5.934778876673462,7.6317167434607285
3.7126794297627628,6.8022904710633565,5.953737987930358,7.650842954196355
3.7169003006336334,6.821374408156606,5.972744627090245,7.670004189222967
3.7211211715045045,6.840499456521551,5.991798592748436,7.689200320294665
3.725342042375375,6.859665451332889,6.0108996790304765,7.708431223635301
3.7295629132462462,6.878872227765327,6.0300476757306525,7.727696779800001
3.733783784117117,6.8981196209935645,6.049242368436228,7.746996873550901
3.738004654987988,6.917407466192308,6.0684835386375005,7.766331393747115
3.7422255258588586,6.936735598536255,6.087770963823691,7.785700233248819
3.7464463967297297,6.956103853200115,6.107104417564712,7.805103288835517
3.7506672676006003,6.9755120653585845,6.126483669578805,7.824540461138364
3.7548881384714714,6.994960070186371,6.145908485786109,7.844011654586634
3.759109009342342,7.014447702858172,6.165378628348173,7.863516777368171
3.763329880213213,7.033974798548696,6.184893855693428,7.883055741403965
3.767550751084084,7.053541192432644,6.204453922528621,7.902628462336668
3.771771621954955,7.073146719684716,6.224058579836251,7.92223485953318
3.775992492825826,7.092791215479617,6.243707574858013,7.941874856101221
3.7802133636966966,7.112474514992046,6.263400651064272,7.9615483789198205
3.7844342345675677,7.1321964533967135,6.283137548109527,7.9812553586839
3.7886551054384383,7.151956865868315,6.3029180017739534,8.000995729962677
3.7928759763093094,7.171755587581555,6.322741743890942,8.020769431272168
3.79709684718018,7.191592453711139,6.342608502260744,8.040576405161532
3.801317718051051,7.211467299431768,6.362518000550084,8.060416598313452
3.8055385889219218,7.231379959918141,6.382469958177926,8.080289961658355
3.809759459792793,7.251330270344969,6.402464090187209,8.100196450502729
3.8139803306636635,7.2713180658869465,6.422500107102676,8.120136024671217
3.8182012015345346,7.291343181718782,6.442577714774779,8.140108648662785
3.822422072405405,7.311405453015172,6.4626966142096025,8.160114291820742
3.8266429432762763,7.331504714950827,6.482856501384905,8.18015292851675
3.830863814147147,7.351640802700443,6.503057067052145,8.20022453834874
3.835084685018018,7.371813551438729,6.523297996524686,8.220329106352771
3.8393055558888887,7.39202279634038,6.543578969451929,8.240466623228832
3.8435264267597598,7.412268372580107,6.563899659579679,8.260637085580536
3.8477472976306304,7.432550113498348,6.584259723452209,8.280840503544487
3.8519681685015015,7.4528678336454535,6.604658699118215,8.301076968172692
3.856189039372372,7.4732213365527285,6.625096056101817,8.321346617003641
3.860409910243243,7.4936104256116005,6.6455712622388425,8.341649588984358
3.864630781114114,7.514034904213497,6.666083785008704,8.36198602341829
3.868851651984985,7.534494575749844,6.686633086257272,8.382356065242416
3.8730725228558556,7.554989243612068,6.70721854873619,8.402759938487947
3.8772933937267267,7.575518711191604,6.7278395013055565,8.423197921077652
3.8815142645975973,7.596082781879872,6.748495279175266,8.443670284584478
3.8857351354684684,7.6166812590683035,6.769185226388898,8.464177291747708
3.8899560063393395,7.637313946148327,6.7899086968726134,8.48471919542404
3.89417687721021,7.657980646511365,6.810665055446172,8.505296237576557
3.898397748081081,7.67868116354885,6.831453678795987,8.525908648301712
3.902618618951952,7.699415300652205,6.852273956409727,8.546556644894682
3.906839489822823,7.720182861212864,6.8731252914724115,8.567240430953317
3.9110603606936936,7.740983648622249,6.894007101723521,8.587960195520978
3.9152812315645646,7.7618174662717925,6.9149188202749965,8.608716112268588
3.9195021024354353,7.782684117552917,6.935859896389625,8.629508338716208
3.9237229733063064,7.803583405857055,6.95682979621967,8.65033701549444
3.927943844177177,7.8245151345756305,6.977828003505235,8.671202265646027
3.932164715048048,7.845479107100076,6.998854020232216,8.692104193967936
3.9363855859189187,7.866475126821809,7.019907367249363,8.713042886394256
3.94060645678979,7.887502997132269,7.040987584844237,8.734018409420301
3.9448273276606605,7.908562521422875,7.062094233277695,8.755030809568055
3.9490481985315316,7.929653503085061,7.083226893276642,8.77608011289348
3.953269069402402,7.950775745510251,7.10438516648472,8.797166324535782
3.9574899402732733,7.971929052089874,7.12556867587072,8.81828942830903
3.961710811144144,7.993113226215353,7.1467770660944385,8.839449386336268
3.965931682015015,8.014328071278126,7.168010003829788,8.860646138726462
3.9701525528858856,8.035573390669608,7.189267178044867,8.88187960329435
3.9743734237567567,8.056848987781237,7.210548300238982,8.90314967532349
3.9785942946276274,8.078154666004435,7.231853104636264,8.924456227372607
3.9828151654984985,8.099490228730632,7.253181348335945,8.94579910912532
3.987036036369369,8.120855479351253,7.274532811419123,8.967178147283382
3.99125690724024,8.142250221257733,7.295907297011885,8.98859314550358
3.995477778111111,8.163674257841489,7.317304631304932,9.010043884378046
3.999698648981982,8.185127392493955,7.33872466352954,9.03153012145837
4.003919519852853,8.206609428606559,7.360167265889985,9.053051591323133
4.008140390723724,8.228120169570722,7.38163233345244,9.074608005689004
4.012361261594595,8.249659418777885,7.4031197839905225,9.096199053565247
4.016582132465466,8.271226979619462,7.424629557787484,9.11782440145144
4.0208030033363364,8.292822655486885,7.4461616173953615,9.13948369357841
4.025023874207207,8.314446249771585,7.467715947351093,9.161176552192078
4.029244745078079,8.33609756586499,7.4892925538499515,9.182902577880027
4.033465615948949,8.357776407158518,7.510891464376469,9.204661349940567
4.03768648681982,8.379482577043607,7.532512727293075,9.226452426794138
4.0419073576906905,8.40121587891168,7.55415641138679,9.24827534643657
4.046128228561562,8.422976116154171,7.57582260537423,9.27012962693411
4.050349099432433,8.444763092162498,7.597511417365202,9.292014766959795
4.054569970303303,8.466576610328092,7.619222974285308,9.313930246370875
4.058790841174174,8.488416474042383,7.640957421257792,9.335875526826975
4.0630117120450455,8.510282486696802,7.662714920944999,9.357850052448606
4.067232582915916,8.532174451682767,7.684495652849818,9.379853250515716
4.071453453786787,8.55409217239171,7.706299812577449,9.40188453220597
4.0756743246576574,8.576035452215061,7.728127611057812,9.42394329337231
4.079895195528529,8.598004094544251,7.749979273728928,9.446028915359575
4.0841160663994,8.619997902770695,7.771855039681665,9.468140765859726
4.08833693727027,8.642016680285831,7.79375516076609,9.490278199805571
4.092557808141141,8.664060230481084,7.815679900659808,9.512440560302359
4.096778679012012,8.686128356747883,7.837629533898468,9.534627179597297
4.100999549882883,8.708220862477653,7.859604344868804,9.5568373800865
4.105220420753754,8.730337551061822,7.881604626764387,9.579070475359257
4.109441291624624,8.752478225891819,7.903630680504289,9.601325771279349
4.113662162495496,8.774642690359077,7.925682813614894,9.62360256710326
4.1178830333663665,8.796830747855012,7.947761339074857,9.645900156635166
4.122103904237237,8.819042201771055,7.9698665741235635,9.668217829418545
4.126324775108109,8.841276855498641,7.991998839032832,9.690554871964451
4.130545645978979,8.86353451242919,8.014158455842132,9.712910569016248
4.13476651684985,8.885814975954133,8.03634574705717,9.735284204851096
4.138987387720721,8.908118049464896,8.058561034311799,9.7576750646179935
4.143208258591592,8.930443536352913,8.080804636993106,9.78008243571272
4.147429129462463,8.9527912400096,8.103076870829497,9.802505609189701
4.151650000333333,8.975160963826392,8.125378046441597,9.824943881211187
4.155870871204204,8.997552511194717,8.147708467855594,9.8473965545338409
4.160091742075076,9.019965685506005,8.170068430978755,9.869862940033254
4.164312612945946,9.042400290151674,8.192458222036654,9.892342358266694
4.168533483816817,9.064856128523157,8.214878115971754,9.91483414107456
4.1727543546876875,9.087333004011885,8.237328374802656,9.937337633221114
4.176975225558559,9.109830720009287,8.259809245943686,9.959852194074887
4.18119609642943,9.13234907990678,8.282320960483865,9.982377199329694
4.1854169673003,9.1548878870958,8.304863731425018,10.004912042766582
4.189637838171171,9.17744694496777,8.327437751877852,10.027456138057687
4.1938587090420425,9.200026056914126,8.350043193215502,10.05000892061275
4.198079579912913,9.222625026326288,8.372680203183629,10.072569849468946
4.202300450783784,9.245243656595683,8.395348889913354,10.095138423278012
4.206521321654654,9.267881751113741,8.418049211292129,10.117714290935353
4.210742192525526,9.290539113271898,8.44078103117725,10.140297195366545
4.214963063396397,9.313215546461564,8.46354418027968,10.162886912643447
4.219183934267267,9.33591085407418,8.486338455701278,10.185483252447083
4.223404805138138,9.35862483950117,8.509163619936617,10.208086059065723
4.227625676009009,9.381357306133964,8.532019399854972,10.230695212412956
4.23184654687988,9.404108057363985,8.55490548566214,10.25331062906583
4.236067417750751,9.426876896582659,8.577821498689453,10.275932294475865
4.240288288621621,9.449663627181419,8.60076688431112,10.298560370051717
4.244509159492493,9.472468052551697,8.623740964829523,10.321195140273872
4.2487300303633635,9.49528997608491,8.646742889434792,10.343837062735028
4.252950901234234,9.51812920117249,8.669771746506346,10.366486655838635
4.257171772105106,9.540985531205871,8.692826589360259,10.389144473051484
4.261392642975976,9.56385876957647,8.715906437540456,10.411811101612484
4.265613513846847,9.586748719675718,8.739010278098991,10.434487161252445
4.269834384717718,9.609655184895043,8.762137066866595,10.457173302923492
4.274055255588589,9.632577968625878,8.785285729714873,10.479870207536882
4.27827612645946,9.655516874259643,8.808455163811354,10.502578584707932
4.28249699733033,9.67847170518777,8.831644238868769,10.52529917150677
4.286717868201201,9.701442264801685,8.854851798389523,10.548032731213846
4.290938739072073,9.724428356492819,8.8780766609068,10.570780052078838
4.295159609942943,9.747429783652594,8.901317621223148,10.59354194608204
4.299380480813814,9.77044634967244,8.92457345164775,10.61631924769713
4.3036013516846845,9.793477857943785,8.947842903233383,10.639112812654187
4.307822222555556,9.816524111858062,8.97112470701393,10.661923516702194
4.312043093426427,9.839584914806688,8.994417575243318,10.684752254370057
4.316263964297297,9.862660070181095,9.017720202636829,10.70759993772536
4.320484835168168,9.885749381372714,9.041031267615322,10.730467495130105
4.3247057060390395,9.908852651772973,9.064349433553181,10.753355869992765
4.32892657690991,9.931969684773293,9.087673350030444,10.776266019516141
4.333147447780781,9.955100283765105,9.111001654089726,10.799198913440485
4.337368318651651,9.97824425213984,9.134332971498239,10.82215553278144
4.341589189522523,10.001401393288923,9.157665918015297,10.845136868562548
4.345810060393394,10.024571510603781,9.180999100665428,10.868143920542135
4.350030931264264,10.04775440747584,9.204331119017388,10.89117769593429
4.354251802135135,10.070949887296532,9.2276605664688809,10.914239208124183
4.358472673006006,10.094157753457285,9.250986031537094,10.937329475377476
4.362693543876877,10.11737780934952,9.274306099154767,10.960449519544273
4.366914414747748,10.14060985836467,9.297619351971537,10.983600364757802
4.371135285618619,10.163853703894162,9.320924371660121,11.006783036128203
4.37535615648949,10.187109149329421,9.344219740226878,11.029998558431965
4.3795770273603605,10.21037599806188,9.367504041326178,11.05324795479758
4.383797898231231,10.23365405348296,9.390775861577698,11.076532245388222
4.388018769102103,10.256943118984095,9.414033791885979,11.099852446082211
4.392239639972973,10.280242997956707,9.437276428761205,11.123209567152209
4.396460510843844,10.303553493792228,9.460502375640194,11.14660461194426
4.400681381714715,10.32687440988208,9.483710244206435,11.170038575557726
4.404902252585585,10.350205549617698,9.506898655707923,11.193512443527473
4.409123123456457,10.373546716390509,9.530066242271431,11.217027190509587
4.413343994327327,10.396897713591933,9.55321164821178,11.240583778972086
4.417564865198198,10.420258344613405,9.576333531334539,11.26418315789227
4.421785736069069,10.443628412846348,9.59943056423058,11.287826261462115
4.42600660693994,10.467007721682197,9.622501435560782,11.311514007803613
4.430227477810811,10.490396074512368,9.645544851328932,11.335247297695805
4.4344483486816815,10.513793274728297,9.668559536141348,11.359027013315245
4.438669219552552,10.537199125721408,9.691544234450888,11.382854016991928
4.442890090423424,10.560613430883137,9.714497711783737,11.406729149982537
4.447110961294294,10.5840359936049,9.737418755946697,11.430653231263102
4.451331832165165,10.60746661727813,9.76030617821322,11.454627056343039
4.455552703036036,10.630905105294254,9.783158814485892,11.478651396102615
4.459773573906907,10.654351261044702,9.805975524401243,11.502726997688162
4.463994444777778,10.677804887920896,9.828755177308947,11.526854598532845
4.468215315648648,10.70126578931427,9.851496665928765,11.551034912699775
4.472436186519519,10.724733768616247,9.874198918454455,11.575268618778038
4.4766570573903905,10.748208629218261,9.896860899876163,11.59955635856036
4.480877928261261,10.77169017451173,9.91948161315128,11.623898735872181
4.485098799132132,10.795178207888089,9.942060100320042,11.648296315456136
4.489319670003003,10.818672532738765,9.96459544356354,11.672749621913988
4.493540540873874,10.842172952455181,9.987086766202165,11.697259138708198
4.497761411744745,10.86567927042877,10.009533233632443,11.721825307225096
4.501982282615615,10.889191290050952,10.031934054200525,11.74644852590138
4.506203153486487,10.912708814713168,10.054288480010621,11.771129149415716
4.5104240243573575,10.936231647806833,10.076595807666877,11.79586748794679
4.514644895228228,10.959759592723378,10.098855378947428,11.820663806499327
4.518865766099099,10.983292452854233,10.12106658140946,11.845518324299006
4.52308663696997,11.00683003159083,10.143228848924291,11.87043121425737
4.527307507840841,11.030372132324587,10.165341662141804,11.89540260250737
4.5315283787117115,11.053918558446933,10.187404548883652,11.920432568010213
4.535749249582582,11.077469113349299,10.209417084464919,11.945521142233678
4.539970120453454,11.101023600423119,10.231378891944072,11.970668308902166
4.544190991324324,11.124581823059806,10.253289642301334,11.995874003818278
4.548411862195195,11.148143584650798,10.275149054545825,12.021138114755772
4.552632733066066,11.171708688587518,10.296956895751844,12.046460481423193
4.556853603936937,11.195276938261403,10.31871298102522,12.071840895497585
4.561074474807808,11.218848137063866,10.340417173400386,12.097279100727345
4.5652953456786785,11.242422088386343,10.36206938366964,12.122774793103046
4.569516216549549,11.265998595620262,10.383669570145567,12.148327621094957
4.573737087420421,11.289577462157053,10.405217738358335,12.173937185955772
4.577957958291291,11.313158491388135,10.426713940689467,12.199603042086803
4.582178829162162,11.33674148670494,10.448158275943939,12.22532469746594
4.5863997000330325,11.360326251498895,10.469550888862566,12.251101614135225
4.590620570903904,11.383912589161438,10.49089196957682,12.276933208746057
4.594841441774775,11.407500303083982,10.512181753008305,12.302818853159659
4.599062312645645,11.431089196657958,10.533420518215383,12.328757875100532
4.603283183516516,11.454679073274795,10.554608587689234,12.354749558860355
4.6075040543873875,11.478269736325926,10.57574632660209,12.380793146049761
4.611724925258258,11.501860989202772,10.596834142010136,12.406887836395407
4.615945796129129,11.52545263529676,10.617872475701917,12.433032794891604
4.620166667,11.549044477999328,10.638861726846677,12.459227229151978
