rt_source,rt_target_predicted,ci_lower,ci_upper
0.58,1.0886468696289473,-0.7402363166141219,2.9175300558720165
0.5871971971971972,1.0940367723976303,-0.7341751341287308,2.9222486789239914
0.5943943943943943,1.0994266751663053,-0.728115200164408,2.9269685504970187
0.6015915915915916,1.1048165779349672,-0.7220565160948962,2.931689671964831
0.6087887887887887,1.1102064807036076,-0.7159990832933891,2.9364120447006044
0.615985985985986,1.11559638347222,-0.7099429031325162,2.941135670076956
0.6231831831831831,1.1209862862407975,-0.703887976984334,2.9458605494659293
0.6303803803803804,1.1263761890093318,-0.6978343062203172,2.9505866842389805
0.6375775775775775,1.1317660917778178,-0.6917818922113432,2.955314075766979
0.6447747747747747,1.137155994546247,-0.6857307363276881,2.960042725420182
0.6519719719719719,1.1425458973146128,-0.6796808399390115,2.964772634568237
0.6591691691691691,1.1479358000829085,-0.6736322044143468,2.969503804580164
0.6663663663663664,1.1533257028511275,-0.6675848311220918,2.9742362368243467
0.6735635635635635,1.1587156056192611,-0.6615387214299988,2.9789699326685213
0.6807607607607608,1.1641055083873038,-0.6554938767051595,2.983704893479767
0.6879579579579579,1.1694954111552478,-0.6494502983139994,2.988441120624495
0.6951551551551551,1.174885313923086,-0.6434079876222658,2.9931786154684374
0.7023523523523523,1.1802752166908124,-0.6373669459950129,2.997917379376638
0.7095495495495495,1.185665119458419,-0.6313271747965983,3.002657413713436
0.7167467467467468,1.191055022225898,-0.6252886753906666,3.0073987198424623
0.7239439439439439,1.196444924993244,-0.6192514491401395,3.0121412991266276
0.731141141141141,1.2018348277604498,-0.6132154974072066,3.016885152928106
0.7383383383383383,1.2072247305275075,-0.6071808215533143,3.0216302826083292
0.7455355355355355,1.21261463329441,-0.6011474229391536,3.026376689527974
0.7527327327327327,1.2180045360611511,-0.5951153029246499,3.031124375046952
0.7599299299299299,1.2233944388277234,-0.5890844628689518,3.0358733405243985
0.767127127127127,1.2287843415941202,-0.5830549041304205,3.040623587318661
0.7743243243243243,1.2341742443603336,-0.5770266280666194,3.0453751167872865
0.7815215215215214,1.2395641471263572,-0.5709996360343015,3.050127930287016
0.7887187187187187,1.2449540498921836,-0.5649739293893998,3.054882029173767
0.7959159159159159,1.2503439526578064,-0.5589495094870143,3.0596374148026273
0.8031131131131131,1.255733855423218,-0.5529263776814037,3.06439408852784
0.8103103103103102,1.2611237581884116,-0.5469045353259723,3.0691520517027957
0.8175075075075074,1.2665136609533794,-0.54088398377326,3.073911305680019
0.8247047047047047,1.271903563718116,-0.5348647243749276,3.0786718518111593
0.8319019019019018,1.277293466482613,-0.5288467584817529,3.083433691446979
0.839099099099099,1.282683369246864,-0.5228300874436114,3.0881968259373394
0.8462962962962962,1.288073272010862,-0.5168147126094704,3.0929612566311944
0.8534934934934935,1.2934631747745988,-0.5108006353273771,3.0977269848765747
0.8606906906906906,1.2988530775380693,-0.5047878569444424,3.102494012020581
0.8678878878878878,1.3042429803012652,-0.4987763788068382,3.1072623394093686
0.8750850850850851,1.3096328830641788,-0.49276620225977874,3.1120319683881363
0.8822822822822822,1.3150227858268044,-0.48675732864751176,3.1168029003011206
0.8894794794794794,1.3204126885891352,-0.48074975931330677,3.121575136491577
0.8966766766766766,1.325802591351163,-0.47474349559944606,3.126348678301772
0.9038738738738739,1.3311924941128814,-0.46873853884721006,3.131123527072973
0.911071071071071,1.3365823968742836,-0.462734890396866,3.135899684145433
0.9182682682682681,1.3419722996353616,-0.45673255158766013,3.1406771508583833
0.9254654654654654,1.3473622023961098,-0.45073152375780023,3.14545592855002
0.9326626626626626,1.35275210515652,-0.44473180824445047,3.1502360185574902
0.9398598598598598,1.358142007916585,-0.4387334063837165,3.1550174222168863
0.947057057057057,1.3635319106762986,-0.43273631951063196,3.1598001408632292
0.9542542542542543,1.3689218134356536,-0.4267405489591516,3.1645841758304587
0.9614514514514514,1.3743117161946417,-0.4207460960621372,3.1693695284514205
0.9686486486486485,1.379701618953258,-0.41475296215134283,3.174156200057859
0.9758458458458458,1.385091521711495,-0.40876114855740986,3.1789441919804
0.983043043043043,1.3904814244693444,-0.4027706566098519,3.183733505548541
0.9902402402402402,1.3958713272268,-0.39678148763704035,3.1885241420906403
0.9974374374374373,1.4012612299838538,-0.3907936429661987,3.193316102933906
1.0046346346346346,1.406651132740501,-0.38480712392338323,3.198109389404385
1.0118318318318318,1.4120410354967323,-0.37882193183347956,3.202904002826944
1.019029029029029,1.4174309382525412,-0.3728380680201855,3.2076999445252676
1.026226226226226,1.422820841007922,-0.36685553380599845,3.212497215821842
1.0334234234234234,1.4282107437628664,-0.3608743305122084,3.2172958180379414
1.0406206206206206,1.4336006465173672,-0.3548944594588832,3.2220957524936176
1.0478178178178177,1.4389905492714177,-0.34891592196485544,3.226897020507691
1.055015015015015,1.444380452025011,-0.34293871934771314,3.231699623397735
1.0622122122122122,1.4497703547781406,-0.33696285292378536,3.236503562480067
1.0694094094094093,1.4551602575307985,-0.33098832400813416,3.241308839069731
1.0766066066066065,1.4605501602829787,-0.3250151339145375,3.2461154544804947
1.0838038038038036,1.4659400630346724,-0.3190432839554833,3.250923410024828
1.091001001001001,1.4713299657858745,-0.31307277544215006,3.255732707013899
1.098198198198198,1.476719868536576,-0.3071036096844031,3.2605433467575553
1.1053953953953952,1.4821097712867715,-0.301135787990775,3.2653553305643177
1.1125925925925926,1.4874996740364548,-0.2951693116684575,3.2701686597413673
1.1197897897897897,1.492889576785616,-0.2892041820232929,3.2749833355945253
1.1269869869869868,1.498279479534251,-0.2832404003597522,3.279799359428254
1.1341841841841842,1.5036693822823501,-0.27727796798093474,3.284616732545635
1.1413813813813813,1.509059285029908,-0.2713168861885453,3.2894354562483614
1.1485785785785785,1.514449187776917,-0.26535715628289025,3.2942555318367246
1.1557757757757758,1.5198390905233712,-0.25939877956285984,3.299076960609602
1.1629729729729728,1.525228993269261,-0.253441757325922,3.303899743864444
1.17017017017017,1.5306188960145826,-0.2474860908681007,3.308723882897266
1.1773673673673672,1.536008798759326,-0.24153178148397636,3.3135493790026285
1.1845645645645644,1.5413987015034862,-0.2355788304666615,3.318376233473634
1.1917617617617617,1.5467886042470553,-0.22962723910779692,3.3232044476019076
1.1989589589589589,1.5521785069900274,-0.2236770086975346,3.3280340226775893
1.206156156156156,1.5575684097323939,-0.21772814052452993,3.3328649599893176
1.2133533533533534,1.5629583124741477,-0.21178063587592555,3.3376972608242212
1.2205505505505505,1.5683482152152837,-0.2058344960373386,3.342530926467906
1.2277477477477476,1.5737381179557928,-0.19988972229285373,3.3473659582044393
1.234944944944945,1.5791280206956682,-0.19394631592500566,3.352202357316342
1.242142142142142,1.584517923434904,-0.18800427821476728,3.357040125084575
1.2493393393393393,1.5899078261734936,-0.18206361044154007,3.361879262788527
1.2565365365365364,1.5952977289114278,-0.1761243138831412,3.3667197717059967
1.2637337337337335,1.6006876316487006,-0.17018638981578893,3.37156165311319
1.270930930930931,1.606077534385307,-0.16424983951408945,3.3764049082847034
1.278128128128128,1.6114674371212367,-0.15831466425103224,3.3812495384935057
1.2853253253253252,1.6168573398564836,-0.15238086529796813,3.386095545010935
1.2925225225225225,1.6222472425910415,-0.14644844392460055,3.3909429291066835
1.2997197197197197,1.6276371453249037,-0.14051740139897384,3.395791692048781
1.3069169169169168,1.6330270480580613,-0.13458773898746257,3.400641835103585
1.3141141141141142,1.638416950790509,-0.12865945795475398,3.405493359535772
1.321311311311311,1.6438068535222392,-0.12273255956383977,3.410346266608318
1.3285085085085084,1.6491967562532446,-0.11680704507600259,3.4152005575824917
1.3357057057057056,1.654586658983519,-0.11088291575080156,3.4200562337178395
1.3429029029029027,1.6599765617130537,-0.10496017284606496,3.4249132962721722
1.3501001001001,1.6653664644418444,-0.0990388176178687,3.4297717465015576
1.3572972972972972,1.670756367169881,-0.0931188513205361,3.4346315856602985
1.3644944944944943,1.6761462698971579,-0.08720027520661366,3.4394928150009294
1.3716916916916917,1.6815361726236686,-0.08128309052686378,3.444355435774201
1.3788888888888888,1.686926075349406,-0.07536729853025381,3.4492194492290658
1.386086086086086,1.6923159780743613,-0.06945290046394215,3.4540848566126647
1.3932832832832833,1.697705880798529,-0.0635398975732624,3.4589516591703204
1.4004804804804802,1.7030957835219023,-0.057628291101714746,3.463819858145519
1.4076776776776776,1.7084856862444735,-0.05171808229095243,3.4686894547798994
1.4148748748748747,1.713875588966236,-0.045809272380768595,3.473560450313241
1.4220720720720719,1.719265491687182,-0.039901862609085015,3.478432845983449
1.4292692692692692,1.7246553944073049,-0.03399585421193607,3.4833066430265456
1.4364664664664664,1.7300452971265985,-0.02809124842345967,3.4881818426766564
1.4436636636636635,1.735435199845053,-0.022188046475886125,3.493058446165992
1.4508608608608609,1.7408251025626653,-0.01628624959951619,3.497936454724847
1.458058058058058,1.7462150052794265,-0.010385859022720823,3.502815869581574
1.4652552552552551,1.751604907995329,-0.0044868759719214335,3.50769669196258
1.4724524524524525,1.7569948107103668,0.001410698328422999,3.5125789230923106
1.4796496496496494,1.7623847134245307,0.00730686265582392,3.5174625641932376
1.4868468468468468,1.7677746161378167,0.013201615789784293,3.522347616485849
1.494044044044044,1.7731645188502154,0.019094956511800598,3.52723408118863
1.501241241241241,1.7785544215617215,0.024986883605385035,3.532121959518058
1.5084384384384384,1.7839443242723265,0.030877395856071077,3.5370112526885817
1.5156356356356355,1.7893342269820247,0.036766492051431454,3.541901961912618
1.5228328328328327,1.794724129690808,0.04265417098108726,3.546794088400529
1.53003003003003,1.80011403239867,0.048540431436722375,3.5516876333606175
1.5372272272272272,1.8055039351056035,0.054425272212096365,3.5565825979991104
1.5444244244244243,1.8108938378116006,0.06030869210305534,3.561478983520146
1.5516216216216216,1.8162837405166559,0.0661906899075484,3.566376791125763
1.5588188188188186,1.8216736432207614,0.07207126442563494,3.571276022015888
1.566016016016016,1.8270635459239102,0.07795041445950313,3.5761766773883172
1.573213213213213,1.8324534486260962,0.08382813881347917,3.5810787584387134
1.5804104104104102,1.8378433513273091,0.08970443629403713,3.585982266360581
1.5876076076076076,1.8432332540275465,0.09557930570982309,3.59088720234527
1.594804804804805,1.8486231567267981,0.10145274587165298,3.5957935675819432
1.6020020020020018,1.8540130594250575,0.10732475559253518,3.6007013632575795
1.6091991991991992,1.8594029621223178,0.1131953336876812,3.6056105905569544
1.616396396396396,1.864792864818573,0.11906447897451788,3.610521250662628
1.6235935935935935,1.8701827675138147,0.12493219027269875,3.6154333447549307
1.6307907907907908,1.8755726702080366,0.13079846640411885,3.6203468740119544
1.6379879879879877,1.8809625729012316,0.136663306192927,3.625261839609536
1.645185185185185,1.8863524755933925,0.14252670846553817,3.6301782427212466
1.6523823823823824,1.8917423782845126,0.14838867205064643,3.635096084518379
1.6595795795795794,1.8971322809745836,0.15424919577923646,3.640015366169931
1.6667767767767767,1.9025221836636004,0.16010827848460019,3.6449360888426003
1.673973973973974,1.9079120863515544,0.16596591900234414,3.6498582537007644
1.681171171171171,1.9133019890384384,0.17182211617040588,3.654781861906471
1.6883683683683683,1.918691891724248,0.17767686882906886,3.659706914619427
1.6955655655655653,1.9240817944089732,0.1835301758209662,3.66463341299698
1.7027627627627626,1.9294716970926078,0.18938203599110381,3.6695613581941116
1.70995995995996,1.9348615997751457,0.19523244818686813,3.6744907513634235
1.7171571571571569,1.9402515024565783,0.2010814112580379,3.6794215936551184
1.7243543543543542,1.9456414051369002,0.20692892405680063,3.684353886217
1.7315515515515516,1.9510313078161035,0.2127749854377614,3.6892876301944453
1.7387487487487485,1.9564212104941805,0.21861959425795807,3.694222826730403
1.7459459459459459,1.961811113171126,0.22446274937687472,3.6991594769653773
1.7531431431431432,1.9672010158469317,0.23030444965645058,3.704097582037413
1.7603403403403401,1.9725909185215902,0.23614469396109672,3.7090371430820834
1.7675375375375375,1.9779808211950958,0.24198348115770796,3.7139781612324834
1.7747347347347344,1.9833707238674396,0.2478208101156727,3.7189206376192065
1.7819319319319318,1.9887606265386164,0.25365667970689065,3.723864573370342
1.7891291291291291,1.9941505292086188,0.25949108880578176,3.728809969611456
1.796326326326326,1.999540431877439,0.26532403628929857,3.7337568274655792
1.8035235235235234,2.0049303345450697,0.2711555210369414,3.738705148053198
1.8107207207207208,2.010320237211505,0.27698554193077163,3.743654932492239
1.8179179179179177,2.0157101398767385,0.282814097855421,3.7486061818980563
1.825115115115115,2.0211000425407604,0.2886411876981041,3.7535588973834164
1.8323123123123124,2.026489945203566,0.2944668103486374,3.7585130800584943
1.8395095095095093,2.0318798478651474,0.30029096469944494,3.7634687310308497
1.8467067067067067,2.037269750525499,0.3061136496455752,3.7684258514054223
1.8539039039039036,2.0426596531846104,0.31193486408470794,3.773384442284513
1.861101101101101,2.048049555842478,0.3177546069171775,3.7783445047677784
1.8682982982982983,2.053439458499094,0.32357287704597515,3.7833060399522127
1.8754954954954952,2.0588293611544493,0.3293896733767647,3.7882690489321336
1.8826926926926926,2.0642192638085395,0.3352049948179001,3.793233532799179
1.88988988988989,2.069609166461355,0.34101884028042884,3.7981994926422815
1.8970870870870868,2.074999069112892,0.346831208678116,3.8031669295476678
1.9042842842842842,2.080388971763141,0.3526420989274457,3.8081358445988367
1.9114814814814816,2.0857788744120955,0.3584515099476395,3.8131062388765518
1.9186786786786785,2.0911687770597482,0.3642594406606696,3.818078113458827
1.9258758758758758,2.0965586797060936,0.3700658899912703,3.823051469420917
1.9330730730730727,2.1019485823511217,0.37587085686694643,3.828026307835297
1.94027027027027,2.1073384849948296,0.3816743402179965,3.833002629771663
1.9474674674674675,2.1127283876372065,0.38747633897751044,3.8379804362969026
1.9546646646646644,2.118118290278247,0.3932768520813965,3.8429597284750976
1.9618618618618617,2.1235081929179453,0.3990758784683852,3.8479405073675057
1.969059059059059,2.128898095556291,0.4048734170800412,3.8529227740325407
1.976256256256256,2.1342879981932796,0.4106694668607842,3.857906529525775
1.9834534534534534,2.139677900828904,0.4164640267578925,3.862891774899916
1.9906506506506507,2.1450678034631565,0.4222570957215186,3.867878511204794
1.9978478478478476,2.15045770609603,0.4280486727047026,3.8728667394873573
2.005045045045045,2.1558476087275182,0.4338387566633859,3.8778564607916506
2.012242242242242,2.1612375113576126,0.4396273465564169,3.882847676158808
2.0194394394394393,2.1666274139863075,0.44541444134557384,3.8878403866270412
2.0266366366366366,2.1720173166135956,0.45120003999556846,3.8928345932316226
2.0338338338338335,2.1774072192394702,0.45698414147406186,3.8978302970048784
2.041031031031031,2.1827971218639224,0.46276674475167523,3.9028274989761695
2.0482282282282283,2.188187024486948,0.4685478488020083,3.907826200171888
2.055425425425425,2.1935769271085386,0.47432745260164144,3.912826401615436
2.0626226226226225,2.1989668297286866,0.4801055551301554,3.917828104327218
2.06981981981982,2.2043567323473856,0.48588215537014245,3.9228313093246285
2.077017017017017,2.209746634964629,0.491657252307218,3.92783601762204
2.084214214214214,2.215136537580408,0.49743084493003,3.932842230230786
2.091411411411411,2.2205264401947162,0.5032029322302769,3.9378499481591556
2.0986086086086084,2.225916342807546,0.5089735132027158,3.9428591724123763
2.105805805805806,2.2313062454188897,0.5147425868451749,3.947869903992604
2.1130030030030027,2.2366961480287375,0.5205101521585653,3.9528821438989095
2.1202002002002,2.242086050637081,0.5262762081468961,3.957895893127266
2.1273973973973974,2.247475953243914,0.5320407538172864,3.962911152670542
2.1345945945945943,2.252865855849225,0.5378037881799715,3.967927923518479
2.1417917917917917,2.258255758453009,0.5435653102483253,3.9729462066576926
2.148988988988989,2.263645661055255,0.5493253190388616,3.977966003071648
2.156186186186186,2.269035563655957,0.5550838135712564,3.982987313740658
2.1633833833833833,2.274425466255105,0.560840792868349,3.9880101396418612
2.1705805805805802,2.279815368852693,0.5665962559561659,3.99303448174922
2.1777777777777776,2.2852052714487097,0.5723502018639206,3.998060341033499
2.184974974974975,2.2905951740431494,0.5781026296240381,4.003087718462261
2.192172172172172,2.2959850766360015,0.5838535382721546,4.008116614999849
2.199369369369369,2.3013749792272606,0.5896029268471419,4.01314703160738
2.2065665665665666,2.306764881816916,0.5953507943911065,4.018178969242726
2.2137637637637635,2.312154784404961,0.6010971399494127,4.023212428860509
2.220960960960961,2.3175446869913863,0.6068419625706867,4.028247411412086
2.228158158158158,2.322934589576184,0.6125852613068337,4.033283917845534
2.235355355355355,2.328324492159345,0.6183270352130452,4.0383219491056455
2.2425525525525525,2.333714394740863,0.6240672833478165,4.04336150613391
2.2497497497497494,2.3391042973207274,0.6298060047729508,4.048402589868504
2.2569469469469468,2.344494199898933,0.6355431985535813,4.053445201244285
2.264144144144144,2.349884102475469,0.6412788637581703,4.058489341192767
2.271341341341341,2.355274005050327,0.6470129994585312,4.063535010642123
2.2785385385385384,2.3606639076235,0.6527456047298372,4.068582210517163
2.2857357357357357,2.3660538101949795,0.6584766786506306,4.073630941739328
2.2929329329329327,2.371443712764758,0.6642062203028383,4.078681205226678
2.30013013013013,2.376833615332824,0.6699342287717764,4.083733001893871
2.3073273273273274,2.382223517899172,0.6756607031461739,4.0887863326521705
2.3145245245245243,2.3876134204637953,0.6813856425181739,4.093841198409416
2.3217217217217216,2.393003323026682,0.6871090459833453,4.098897600070019
2.3289189189189186,2.398393225587825,0.6928309126407006,4.103955538534949
2.336116116116116,2.4037831281472175,0.6985512415927055,4.109015014701729
2.3433133133133133,2.4091730307048502,0.7042700319452861,4.114076029464414
2.35051051051051,2.414562933260714,0.7099872828078433,4.119138583713585
2.3577077077077075,2.4199528358148026,0.7157029932932664,4.124202678336339
2.364904904904905,2.4253427383671053,0.7214171625179389,4.129268314216272
2.372102102102102,2.4307326409176166,0.7271297896017574,4.134335492233475
2.379299299299299,2.436122543466326,0.732840873668134,4.139404213264518
2.3864964964964965,2.441512446013226,0.7385504138440153,4.1444744781824365
2.3936936936936934,2.4469023485583077,0.7442584092598894,4.149546287856726
2.400890890890891,2.4522922511015643,0.7499648590497994,4.154619643153329
2.4080880880880877,2.4576821536429865,0.7556697623513511,4.159694544934622
2.415285285285285,2.4630720561825665,0.7613731183057291,4.164770994059404
2.4224824824824824,2.468461958720296,0.7670749260577039,4.169848991382889
2.4296796796796793,2.4738518612561653,0.7727751847556428,4.174928537756688
2.4368768768768767,2.4792417637901694,0.7784738935515276,4.180009634028811
2.444074074074074,2.4846316663222967,0.7841710516009543,4.185092281043639
2.451271271271271,2.4900215688525402,0.7898666580631546,4.190176479641925
2.4584684684684683,2.4954114713808924,0.7955607121010018,4.1952622306607825
2.4656656656656657,2.5008013739073447,0.8012532128810219,4.200349534933667
2.4728628628628626,2.506191276431887,0.8069441595734035,4.20543839329037
2.48006006006006,2.5115811789545135,0.8126335513520146,4.210528806557012
2.487257257257257,2.5169710814752135,0.8183213873944037,4.215620775556023
2.4944544544544542,2.5223609839939822,0.824007666881823,4.220714301106142
2.5016516516516516,2.5277508865108094,0.8296923889992249,4.225809384022394
2.5088488488488485,2.5331407890256843,0.8353755529352815,4.230906025116087
2.516046046046046,2.538530691538604,0.8410571578823995,4.236004225194808
2.5232432432432432,2.543920594049562,0.8467372030367233,4.2411039850624
2.53044044044044,2.54931049655856,0.8524156875981539,4.2462053055189655
2.5376376376376375,2.554700399065596,0.8580926107703506,4.251308187360841
2.544834834834835,2.560090301570673,0.8637679717607478,4.2564126313805986
2.5520320320320318,2.5654802040737876,0.869441769780555,4.26151863836702
2.559229229229229,2.5708701065749406,0.8751140040447791,4.266626209105102
2.566426426426426,2.576260009074136,0.8807846737722318,4.27173534437604
2.5736236236236234,2.5816499115713682,0.8864537781855284,4.2768460449572085
2.5808208208208208,2.5870398140666397,0.8921213165111148,4.281958311622165
2.588018018018018,2.592429716559951,0.8977872879792697,4.287072145140632
2.595215215215215,2.597819619051301,0.9034516918241129,4.292187546278489
2.6024124124124124,2.60320952154069,0.9091145272836192,4.2973045157977605
2.6096096096096097,2.608599424028117,0.9147757935996277,4.3024230544566064
2.6168068068068067,2.613989326513583,0.9204354900178524,4.3075431630093135
2.624004004004004,2.619379228997088,0.9260936157878916,4.312664842206284
2.631201201201201,2.624769131478632,0.9317501701632376,4.317788092794027
2.6383983983983983,2.6301590339582144,0.9374051524012861,4.3229129155151425
2.6455955955955957,2.635548936435835,0.9430585617633485,4.328039311108322
2.6527927927927926,2.640938838911495,0.9487103975146616,4.333167280308329
2.65998998998999,2.646328741385193,0.9543606589243927,4.338296823845993
2.6671871871871873,2.6517186438569285,0.9600093452656564,4.3434279424482005
2.674384384384384,2.657108546326705,0.965656455815523,4.348560636837886
2.6815815815815816,2.6624984487945182,0.9713019898550201,4.353694907734017
2.688778778778779,2.6678883512603697,0.9769459466691539,4.358830755851585
2.695975975975976,2.6732782537242605,0.9825883255469128,4.363968181901608
2.703173173173173,2.678668156186188,0.9882291257812745,4.369107186591101
2.71037037037037,2.684058058646154,0.9938683466692235,4.374247770623084
2.7175675675675675,2.6894479611041593,0.9995059875117549,4.3793899346965635
2.724764764764765,2.694837863560203,1.0051420476138835,4.384533679506522
2.7319619619619617,2.7002277660142844,1.0107765262846546,4.389679005743914
2.739159159159159,2.705617668466403,1.0164094228371543,4.394825914095652
2.7463563563563564,2.71100757091656,1.022040736588521,4.399974405244599
2.7535535535535534,2.7163974733647556,1.027670466859947,4.405124479869564
2.7607507507507507,2.7217873758109885,1.033298612976696,4.410276138645282
2.767947947947948,2.72717727825526,1.038925174268108,4.4154293822424115
2.775145145145145,2.7325671806975675,1.044550150067608,4.420584211327527
2.7823423423423423,2.737957083137915,1.0501735397127214,4.425740626563108
2.7895395395395393,2.743346985576299,1.055795342545072,4.430898628607526
2.7967367367367366,2.74873688801272,1.0614155579103997,4.43605821811504
2.803933933933934,2.7541267904471796,1.0670341851585703,4.441219395735789
2.811131131131131,2.7595166928796777,1.072651223643578,4.4463821621157775
2.8183283283283282,2.764906595310213,1.0782666727235564,4.45154651789687
2.8255255255255256,2.770296497738785,1.0838805317607896,4.45671246371678
2.8327227227227225,2.7756864001653945,1.0894928001217214,4.461880000209067
2.83991991991992,2.7810763025900433,1.095103477176963,4.467049128003124
2.8471171171171172,2.7864662050127267,1.1007125623012943,4.472219847724159
2.854314314314314,2.7918561074334476,1.1063200548736878,4.477392159993207
2.8615115115115115,2.797246009852207,1.1119259542773061,4.482566065427108
2.8687087087087084,2.8026359122690048,1.1175302598995125,4.4877415646384975
2.875905905905906,2.808025814683838,1.1231329711318772,4.492918658235799
2.883103103103103,2.813415717096709,1.1287340873701937,4.498097346823225
2.8903003003003,2.8188056195076174,1.1343336080144792,4.503277631000755
2.8974974974974974,2.8241955219165615,1.1399315324689854,4.508459511364138
2.9046946946946948,2.829585424323544,1.1455278601422103,4.513642988504878
2.9118918918918917,2.834975326728562,1.151122590446899,4.5188280630102255
2.919089089089089,2.8403652291316193,1.1567157228000622,4.524014735463176
2.9262862862862864,2.8457551315327114,1.1623072566229706,4.529203006442453
2.9334834834834833,2.8511450339318416,1.1678971913411775,4.534392876522506
2.9406806806806807,2.856534936329009,1.1734855263845172,4.5395843462735
2.9478778778778776,2.8619248387242098,1.179072261187112,4.544777416261308
2.955075075075075,2.8673147411174527,1.1846573951873967,4.549972087047509
2.9622722722722723,2.872704643508729,1.190240927828096,4.555168359189362
2.969469469469469,2.8780945458980405,1.195822858556261,4.5603662332398205
2.9766666666666666,2.8834844482853907,1.2014031868232669,4.565565709747514
2.983863863863864,2.888874350670778,1.2069819120848158,4.570766789256741
2.991061061061061,2.8942642530542,1.2125590338009458,4.575969472307454
2.998258258258258,2.8996541554356594,1.218134551436048,4.581173759435271
3.0054554554554556,2.9050440578151546,1.223708464458861,4.586379651171448
3.0126526526526525,2.9104339601926874,1.229280772342489,4.591587148042886
3.01984984984985,2.9158238625682538,1.2348514745643988,4.596796250572108
3.0270470470470467,2.92121376494186,1.2404205706064426,4.602006959277277
3.034244244244244,2.9266036673135005,1.245988059954845,4.607219274672156
3.0414414414414415,2.9319935696831796,1.2515539421002295,4.61243319726613
3.0486386386386384,2.9373834720508905,1.2571182165376071,4.617648727564173
3.0558358358358357,2.9427733744166424,1.2626808827664093,4.622865866066876
3.063033033033033,2.9481632767804276,1.2682419402904621,4.628084613270393
3.07023023023023,2.9535531791422467,1.2738013886180186,4.633304969666475
3.0774274274274274,2.958943081502106,1.2793592272617642,4.638526935742448
3.0846246246246247,2.964332983859999,1.2849154557388036,4.643750511981194
3.0918218218218216,2.9697228862159277,1.2904700735706889,4.648975698861166
3.099019019019019,2.9751127885698927,1.2960230802834178,4.654202496856367
3.106216216216216,2.9805026909218926,1.3015744754074394,4.659430906436346
3.1134134134134133,2.98589259327193,1.307124258477666,4.664660928066194
3.1206106106106106,2.9912824956200037,1.312672429033472,4.6698925622065355
3.1278078078078075,2.9966723979661087,1.3182189866187017,4.675125809313515
3.135005005005005,3.0020623003102536,1.323763930781692,4.680360669838815
3.1422022022022023,3.0074522026524315,1.3293072610752497,4.685597144229614
3.149399399399399,3.012842104992646,1.3348489770566851,4.690835232928607
3.1565965965965965,3.0182320073308953,1.3403890782878005,4.69607493637399
3.163793793793794,3.023621909667182,1.3459275643349085,4.701316254999456
3.170990990990991,3.0290118120015,1.351464434768823,4.706559189234177
3.178188188188188,3.0344017143338577,1.3569996891648899,4.711803739502826
3.185385385385385,3.0397916166642496,1.3625333271029645,4.717049906225535
3.1925825825825824,3.0451815189926763,1.3680653481674365,4.722297689817916
3.19977977977978,3.0505714213191375,1.373595751947231,4.7275470906910435
3.2069769769769767,3.0559613236436336,1.3791245380358135,4.732798109251454
3.214174174174174,3.0613512259661655,1.3846517060311974,4.738050745901134
3.2213713713713714,3.066741128286734,1.390177255535949,4.743305001037519
3.2285685685685683,3.072131030605336,1.3957011861571882,4.748560875053484
3.2357657657657657,3.0775209329219737,1.4012234975066042,4.753818368337344
3.242962962962963,3.0829108352366443,1.406744189200451,4.759077481272838
3.25016016016016,3.088300737549352,1.4122632608595644,4.76433821423914
3.2573573573573573,3.093690639860094,1.4177807121093535,4.769600567610834
3.2645545545545542,3.099080542168869,1.4232965425798156,4.774864541757923
3.2717517517517516,3.1044704444756808,1.428810751905542,4.78013013704582
3.278948948948949,3.1098603467805273,1.4343233397257171,4.785397353835338
3.286146146146146,3.1152502490834078,1.4398343056841272,4.790666192482688
3.2933433433433432,3.1206401513843227,1.4453436494291656,4.79593665333948
3.3005405405405406,3.126030053683274,1.4508513706138404,4.801208736752708
3.3077377377377375,3.1314199559802574,1.4563574688957697,4.806482443064745
3.314934934934935,3.1368098582752757,1.4618619439372003,4.811757772613351
3.322132132132132,3.1421997605683294,1.4673647954050026,4.817034725731656
3.329329329329329,3.1475896628594167,1.4728660229706778,4.822313302748156
3.3365265265265265,3.152979565148539,1.4783656263103648,4.827593503986713
3.3437237237237234,3.1583694674356946,1.483863605104842,4.832875329766547
3.3509209209209208,3.1637593697208852,1.4893599590395348,4.838158780402235
3.358118118118118,3.169149272004111,1.494854687804518,4.843443856203704
3.365315315315315,3.1745391742853695,1.500347791094519,4.84873055747622
3.3725125125125124,3.1799290765646626,1.5058392686089277,4.854018884520397
3.3797097097097097,3.1853189788419902,1.5113291200517944,4.859308837632186
3.3869069069069067,3.190708881117352,1.5168173451318383,4.864600417102865
3.394104104104104,3.196098783390747,1.5223039435624497,4.869893623219045
3.4013013013013014,3.201488685662176,1.527788915061695,4.875188456262657
3.4084984984984983,3.2068785879316395,1.533272259352323,4.880484916510956
3.4156956956956956,3.2122684901991367,1.5387539761617623,4.885783004236512
3.422892892892893,3.2176583924646667,1.5442340652221316,4.891082719707201
3.43009009009009,3.223048294728233,1.549712526270245,4.896384063186221
3.4372872872872873,3.228438196989837,1.5551893590476105,4.901687034932063
3.444484484484484,3.2338280992494814,1.5606645633004372,4.906991635198525
3.4516816816816815,3.239218001507169,1.5661381387796367,4.912297864234702
3.458878878878879,3.2446079037629025,1.571610085240828,4.917605722284977
3.466076076076076,3.249997806016683,1.5770804024443388,4.922915209589028
3.473273273273273,3.2553877082685143,1.5825490901552128,4.928226326381816
3.4804704704704705,3.260777610518399,1.588016148143211,4.933539072893587
3.4876676676676674,3.266167512766337,1.5934815761828114,4.938853449349863
3.494864864864865,3.271557415012334,1.5989453740532213,4.944169455971446
3.502062062062062,3.276947317256391,1.604407541538372,4.94948709297441
3.509259259259259,3.282337219498511,1.6098680784269257,4.954806360570096
3.5164564564564564,3.287727121738696,1.6153269845122775,4.960127258965114
3.5236536536536534,3.293117023976947,1.6207842595925583,4.965449788361336
3.5308508508508507,3.29850692621327,1.626239903470642,4.970773948955897
3.538048048048048,3.303896828447663,1.631693915954139,4.976099740941187
3.545245245245245,3.309286730680125,1.6371462968554034,4.981427164504847
3.5524424424424423,3.3146766329106563,1.6425970459915396,4.986756219829773
3.5596396396396397,3.3200665351392527,1.6480461631843977,4.992086907094108
3.5668368368368366,3.3254564373659155,1.6534936482605866,4.997419226471244
3.574034034034034,3.330846339590641,1.6589395010514651,5.002753178129817
3.5812312312312313,3.3362362418134306,1.6643837213931563,5.0080887622337045
3.5884284284284282,3.3416261440342794,1.6698263091265357,5.013425978942023
3.5956256256256256,3.3470160462531875,1.6752672640972486,5.018764828409126
3.6028228228228225,3.3524059484701545,1.6807065861557033,5.024105310784606
3.61002002002002,3.357795850685178,1.6861442751570743,5.029447426213282
3.6172172172172172,3.363185752898256,1.6915803309613044,5.034791174835207
3.624414414414414,3.368575655109388,1.6970147534331117,5.040136556785664
3.6316116116116115,3.373965557318572,1.7024475424419838,5.04548357219516
3.638808808808809,3.3793554595258066,1.7078786978621856,5.050832221189427
3.6460060060060058,3.384745361731091,1.713308219572759,5.056182503889423
3.653203203203203,3.3901352639344227,1.7187361074575231,5.061534420411322
3.6604004004004005,3.3955251661358004,1.7241623614050796,5.066887970866521
3.6675975975975974,3.4009150683352236,1.7295869813088125,5.072243155361635
3.6747947947947948,3.4063049705326915,1.7350099670668895,5.077599973998494
3.6819919919919917,3.4116948727281993,1.7404313185822593,5.082958426874139
3.689189189189189,3.4170847749217486,1.745851035762664,5.088318514080833
3.6963863863863864,3.4224746771133376,1.7512691185206306,5.093680235706045
3.7035835835835833,3.4278645793029643,1.7566855667734746,5.099043591832454
3.7107807807807807,3.4332544814906267,1.7621003804433026,5.104408582537951
3.717977977977978,3.4386443836763245,1.7675135594570148,5.109775207895634
3.725175175175175,3.4440342858600554,1.772925103746301,5.11514346797381
3.7323723723723723,3.4494241880418146,1.7783350132476432,5.120513362835986
3.7395695695695697,3.454814090221599,1.78374328790232,5.125884892540878
3.7467667667667666,3.4602039923994004,1.7891499276564002,5.1312580571424
3.753963963963964,3.465593894575216,1.7945549324607537,5.136632856689678
3.761161161161161,3.4709837967490373,1.7999583022710428,5.142009291227032
3.768358358358358,3.4763736989208627,1.8053600370477334,5.147387360793992
3.7755555555555556,3.481763601090684,1.8107601367560842,5.152767065425284
3.7827527527527525,3.4871535032584964,1.8161586013661553,5.158148405150838
3.78994994994995,3.492543405424296,1.8215554308528072,5.163531379995785
3.797147147147147,3.4979333075880747,1.8269506251956962,5.168915989980453
3.804344344344344,3.503323209749829,1.8323441843792823,5.174302235120376
3.8115415415415415,3.5087131119095534,1.8377361083928245,5.179690115426283
3.818738738738739,3.5141030140672425,1.8431263972303815,5.185079630904103
3.8259359359359357,3.519492916222889,1.8485150508908113,5.190470781554967
3.833133133133133,3.524882818376491,1.8539020693777764,5.195863567375206
3.84033033033033,3.5302727205280413,1.859287452699736,5.201257988356346
3.8475275275275274,3.535662622677534,1.8646712008699495,5.206654044485118
3.8547247247247247,3.541052524824963,1.8700533139064774,5.212051735743449
3.8619219219219216,3.5464424269703256,1.8754337918321817,5.21745106210847
3.869119119119119,3.5518323291136134,1.8808126346747194,5.222852023552507
3.8763163163163163,3.557222231254825,1.8861898424665535,5.228254620043097
3.8835135135135133,3.56261213339395,1.891565415244936,5.233658851542964
3.8907107107107106,3.5680020355309865,1.8969393530519252,5.239064718010048
3.897907907907908,3.573391937665928,1.9023116559343738,5.244472219397482
3.905105105105105,3.578781839798769,1.90768232394393,5.249881355653608
3.9123023023023022,3.5841717419295036,1.913051357137039,5.255292126721968
3.919499499499499,3.589561644058129,1.9184187555749441,5.260704532541314
3.9266966966966965,3.594951546184636,1.923784519323676,5.266118573045596
3.933893893893894,3.6003414483090235,1.9291486484540663,5.271534248163981
3.941091091091091,3.6057313504312813,1.934511143041731,5.276951557820832
3.948288288288288,3.611121252551408,1.939872003167085,5.2823705019357305
3.9554854854854855,3.616511154669396,1.9452312289153273,5.287791080423465
3.9626826826826824,3.6219010567852408,1.9505888203764485,5.293213293194033
3.96987987987988,3.6272909588989366,1.9559447776452255,5.298637140152648
3.977077077077077,3.6326808610104777,1.961299100821221,5.304062621199734
3.984274274274274,3.63807076311986,1.9666517900087845,5.309489736230936
3.9914714714714714,3.6434606652270767,1.972002845317044,5.31491848513711
3.9986686686686683,3.6488505673321243,1.9773522668599146,5.320348867804334
4.005865865865865,3.654240469434994,1.9827000547560838,5.325780884113905
4.013063063063063,3.6596303715356844,1.9880462091290252,5.331214533942344
4.02026026026026,3.6650202736341875,1.9933907301069826,5.336649817161392
4.027457457457457,3.670410175730499,1.998733617822977,5.342086733638021
4.034654654654655,3.6758000778246123,2.004074872414799,5.347525283234425
4.041851851851852,3.6811899799165233,2.0094144940250143,5.352965465808032
4.0490490490490485,3.686579882006226,2.014752482800951,5.358407281211501
4.056246246246246,3.691969784093716,2.0200888388947087,5.363850729292723
4.063443443443443,3.697359686178986,2.0254235624631463,5.369295809894826
4.07064064064064,3.7027495882620327,2.030756653667887,5.374742522856178
4.077837837837837,3.708139490342848,2.036088112675312,5.380190868010384
4.085035035035035,3.713529392421431,2.0414179396565624,5.3856408451863
4.092232232232232,3.7189192944977703,2.0467461347875253,5.391092454208016
4.099429429429429,3.724309196571867,2.052072698248852,5.396545694894883
4.1066266266266265,3.7296990986437097,2.057397630225929,5.40200056706149
4.113823823823823,3.7350890007132973,2.0627209309089016,5.407457070517693
4.12102102102102,3.740478902780622,2.0680426004926495,5.412915205068594
4.128218218218218,3.7458688048456805,2.0733626391768,5.418374970514561
4.135415415415415,3.7512587069084646,2.07868104716571,5.423836366651219
4.142612612612612,3.7566486089689706,2.0839978246684803,5.429299393269461
4.14980980980981,3.7620385110271948,2.089312971898939,5.434764050155451
4.157007007007007,3.767428413083128,2.094626489075641,5.440230337090615
4.164204204204204,3.772818315136767,2.09993837642187,5.445698253851663
4.171401401401401,3.7782082171881077,2.1052486341656325,5.451167800210583
4.178598598598598,3.783598119237146,2.1105572625396527,5.45663897593464
4.185795795795795,3.7889880212838825,2.1158642617813763,5.462111780786389
4.192992992992993,3.794377923328321,2.121169632132963,5.467586214523679
4.20019019019019,3.7997678253704588,2.1264733738412764,5.4730622768996415
4.207387387387387,3.8051577274102977,2.1317754871578876,5.478539967662708
4.214584584584585,3.8105476294478384,2.137075972339068,5.484019286556609
4.2217817817817815,3.8159375314830806,2.142374829645787,5.489500233320374
4.2289789789789785,3.8213274335160277,2.1476720593437095,5.494982807688346
4.236176176176175,3.826717335546677,2.1529676617031863,5.500467009390167
4.243373373373373,3.832107237575031,2.1582616369992573,5.5059528381508045
4.25057057057057,3.8374971396010897,2.163553985511644,5.511440293690535
4.257767767767767,3.8428870416248553,2.168844707524746,5.516929375724965
4.264964964964965,3.848276943646326,2.174133803327633,5.522420083965019
4.272162162162162,3.853666845665504,2.17942127321405,5.527912418116958
4.279359359359359,3.85905674768239,2.1847071174824046,5.533406377882375
4.286556556556556,3.8644466496969834,2.1899913364357633,5.538901962958203
4.293753753753753,3.869836551709286,2.1952739303818527,5.5443991730367195
4.30095095095095,3.8752264537192973,2.2005548996330493,5.549898007805545
4.308148148148148,3.8806163557270206,2.2058342445063808,5.55539846694766
4.315345345345345,3.8860062577324546,2.2111119653235125,5.560900550141397
4.322542542542542,3.8913961597355993,2.2163880624107515,5.566404257060447
4.32973973973974,3.896786061736456,2.2216625360990383,5.571909587373874
4.336936936936937,3.9021759637350244,2.22693538672394,5.577416540746109
4.3441341341341335,3.907565865731308,2.232206614625653,5.582925116836963
4.351331331331331,3.9129557677253066,2.2374762201489893,5.5884353153016235
4.358528528528528,3.9183456697170183,2.2427442036433725,5.593947135790664
4.365725725725725,3.923735571706444,2.248010565462838,5.59946057795005
4.372922922922923,3.929125473693588,2.2532753059660293,5.604975641421147
4.38012012012012,3.9345153756784486,2.258538425516183,5.610492325840714
4.387317317317317,3.939905277661025,2.2637999244811287,5.616010630840921
4.394514514514514,3.9452951796413203,2.26905980323329,5.6215305560493505
4.4017117117117115,3.950685081619335,2.2743180621496695,5.627052101089
4.408908908908908,3.9560749835950677,2.2795747016118475,5.6325752655782875
4.416106106106105,3.9614648855685193,2.284829722005976,5.638100049131062
4.423303303303303,3.9668547875396936,2.290083123722778,5.643626451356609
4.4305005005005,3.9722446895085897,2.2953349071575326,5.649154471859647
4.437697697697697,3.9776345914752063,2.300585072710074,5.654684110240339
4.444894894894895,3.9830244934395456,2.305833620784788,5.660215366094303
4.452092092092092,3.988414395401607,2.3110805517906035,5.665748239012611
4.459289289289289,3.9938042973613928,2.316325866140988,5.671282728581797
4.466486486486486,3.9991941993189037,2.321569564253941,5.676818834383866
4.473683683683683,4.00458410127414,2.3268116465519864,5.682356555996293
4.48088088088088,4.009974003227102,2.33205211346217,5.687895892992033
4.488078078078078,4.015363905177789,2.337290965416048,5.693436844939531
4.495275275275275,4.020753807126206,2.3425282028496897,5.698979411402722
4.502472472472472,4.026143709072347,2.347763826203658,5.704523591941036
4.50966966966967,4.03153361101622,2.3529978359230226,5.710069386109418
4.516866866866867,4.03692351295782,2.3582302324573288,5.715616793458311
4.5240640640640635,4.04231341489715,2.3634610162606133,5.721165813533686
4.531261261261261,4.047703316834209,2.368690187791385,5.726716445877033
4.538458458458458,4.053093218769,2.3739177475126256,5.732268690025374
4.545655655655655,4.058483120701523,2.379143695891776,5.73782254551127
4.552852852852852,4.063873022631777,2.384368033400734,5.743378011862821
4.56005005005005,4.069262924559767,2.3895907605158495,5.748935088603684
4.567247247247247,4.074652826485487,2.394811877717909,5.7544937752530645
4.574444444444444,4.080042728408943,2.4000313854921433,5.760054071325742
4.5816416416416414,4.085432630330135,2.4052492843282076,5.765615976332062
4.588838838838838,4.09082253224906,2.4104655747201766,5.771179489777944
4.596036036036036,4.0962124341657224,2.415680257166546,5.776744611164899
4.603233233233233,4.101602336080122,2.4208933321702153,5.782311339990028
4.61043043043043,4.106992237992257,2.4261048002384853,5.787879675746028
4.617627627627628,4.112382139902131,2.4313146618830537,5.793449617921208
4.624824824824825,4.117772041809745,2.4365229176200036,5.799021165999488
4.632022022022022,4.123161943715098,2.4417295679697935,5.804594319460402
4.639219219219219,4.128551845618191,2.446934613457259,5.810169077779124
4.646416416416416,4.133941747519025,2.4521380546115976,5.815745440426453
4.653613613613613,4.139331649417599,2.4573398919663614,5.821323406868837
4.660810810810811,4.144721551313916,2.4625401260594595,5.826902976568372
4.668008008008008,4.150111453207975,2.467738757433137,5.832484148982813
4.675205205205205,4.155501355099778,2.472935786633975,5.838066923565581
4.682402402402402,4.160891256989324,2.4781312142128806,5.843651299765768
4.6895995995996,4.1662811588766155,2.4833250407250826,5.849237277028148
4.6967967967967965,4.171671060761651,2.4885172667301174,5.8548248547931845
4.703993993993993,4.177060962644434,2.4937078927918304,5.860414032497038
4.711191191191191,4.182450864524964,2.498896919478355,5.866004809571573
4.718388388388388,4.18784076640324,2.5040843473621175,5.8715971854443625
4.725585585585585,4.193230668279264,2.509270177019822,5.877191159538706
4.732782782782783,4.198620570153037,2.5144544090324454,5.882786731273628
4.73997997997998,4.2040104720245575,2.5196370439852256,5.888383900063889
4.747177177177177,4.209400373893828,2.5248180824676596,5.893982665319998
4.7543743743743745,4.214790275760851,2.5299975250734903,5.899583026448212
4.761571571571571,4.2201801776256245,2.535175372400696,5.905184982850553
4.768768768768768,4.225570079488149,2.540351625051488,5.910788533924809
4.775965965965966,4.230959981348426,2.5455262836323023,5.91639367906455
4.783163163163163,4.236349883206456,2.550699348753785,5.922000417659127
4.79036036036036,4.241739785062239,2.555870821030788,5.92760874909369
4.797557557557558,4.247129686915778,2.5610407010823626,5.933218672749193
4.804754754754755,4.252519588767071,2.566208989531746,5.938830188002396
4.811951951951952,4.257909490616118,2.5713756870063538,5.9444432942258825
4.819149149149149,4.2632993924629234,2.576540794137778,5.9500579907880695
4.826346346346346,4.268689294307486,2.5817043115617673,5.955674277053205
4.833543543543543,4.274079196149806,2.5868662399182263,5.961292152381386
4.84074074074074,4.279469097989883,2.5920265798512006,5.966911616128565
4.847937937937938,4.28485899982772,2.5971853320088805,5.9725326676465595
4.855135135135135,4.290248901663317,2.6023424970435745,5.97815530628306
4.862332332332332,4.295638803496671,2.6074980756117085,5.983779531381634
4.8695295295295296,4.30102870532779,2.612652068373828,5.989405342281751
4.8767267267267265,4.306418607156668,2.617804475994567,5.995032738318769
4.883923923923923,4.311808508983309,2.622955299142655,6.000661718823963
4.891121121121121,4.317198410807714,2.628104538490905,6.006292283124523
4.898318318318318,4.322588312629881,2.6332521947161958,6.011924430543566
4.905515515515515,4.327978214449811,2.6383982684994747,6.017558160400147
4.912712712712713,4.333368116267507,2.6435427605257447,6.023193472009269
4.91990990990991,4.3387580180829675,2.6486856714840483,6.028830364681887
4.927107107107107,4.344147919896194,2.653827002067466,6.034468837724923
4.9343043043043044,4.349537821707188,2.6589667529731034,6.040108890441273
4.941501501501501,4.35492772351595,2.6641049249020834,6.045750522129817
4.948698698698698,4.3603176253224785,2.6692415185595317,6.051393732085425
4.955895895895896,4.365707527126778,2.674376534654579,6.0570385195989775
4.963093093093093,4.371097428928844,2.6795099739003323,6.062684883957356
4.97029029029029,4.376487330728681,2.6846418370138876,6.068332824443474
4.977487487487488,4.381877232526289,2.6897721247163044,6.073982340336274
4.984684684684685,4.387267134321667,2.6949008377325976,6.079633430910737
4.9918818818818815,4.392657036114817,2.7000279767917363,6.085286095437898
4.9990790790790784,4.3980469379057405,2.7051535426266273,6.090940333184854
5.006276276276276,4.403436839694437,2.710277535974103,6.096596143414771
5.013473473473473,4.408826741480908,2.7153999575749195,6.102253525386897
5.02067067067067,4.414216643265155,2.720520808173739,6.10791247835657
5.027867867867868,4.419606545047183,2.72564008851913,6.1135730015752365
5.035065065065065,4.4249964468269924,2.7307577993635412,6.119235094290444
5.042262262262262,4.430386348604586,2.7358739414633066,6.124898755745864
5.0494594594594595,4.4357762503799645,2.7409885155786258,6.130563985181303
5.056656656656656,4.441166152153134,2.74610152247356,6.136230781832707
5.063853853853853,4.44655605392409,2.7512129629160142,6.141899144932166
5.071051051051051,4.451945955692842,2.756322837677738,6.147569073707945
5.078248248248248,4.457335857459389,2.7614311475343065,6.153240567384472
5.085445445445445,4.462725759223733,2.766537893265109,6.158913625182356
5.092642642642643,4.468115660985877,2.7716430756533477,6.164588246318406
5.09983983983984,4.4735055627458244,2.77674669548602,6.170264430005629
5.107037037037037,4.478895464503574,2.7818487535539056,6.175942175453242
5.114234234234234,4.484285366259132,2.786949250651568,6.181621481866697
5.121431431431431,4.4896752680124985,2.792048187577329,6.187302348447668
5.128628628628628,4.495065169763675,2.7971455651332695,6.192984774394081
5.135825825825826,4.500455071512668,2.8022413841252174,6.198668758900119
5.143023023023023,4.505844973259474,2.8073356453627243,6.204354301156223
5.15022022022022,4.511234875004099,2.8124283496590774,6.210041400349121
5.157417417417417,4.516624776746545,2.8175194978312676,6.215730055661822
5.164614614614615,4.522014678486814,2.822609090699993,6.221420266273634
5.1718118118118115,4.527404580224906,2.8276971290896373,6.227112031360175
5.179009009009008,4.532794481960826,2.832783613828269,6.232805350093383
5.186206206206206,4.538184383694577,2.837868545747626,6.2385002216415275
5.193403403403403,4.543574285426159,2.8429519256831,6.244196645169217
5.2006006006006,4.5489641871555735,2.8480337544737337,6.249894619837413
5.207797797797798,4.5543540888828264,2.8531140329622087,6.255594144803444
5.214994994994995,4.559743990607917,2.8581927619948257,6.261295219221008
5.222192192192192,4.565133892330848,2.863269942421506,6.2669978422401895
5.2293893893893895,4.570523794051623,2.868345575095774,6.272702013007473
5.236586586586586,4.575913695770243,2.8734196608747418,6.278407730665744
5.243783783783783,4.58130359748671,2.878492200619107,6.284114994354313
5.250980980980981,4.586693499201028,2.8835631951931395,6.289823803208917
5.258178178178178,4.5920834009132,2.8886326454646643,6.295534156361736
5.265375375375375,4.597473302623223,2.8937005523050523,6.301246052941394
5.272572572572573,4.602863204331107,2.8987669165892203,6.306959492072993
5.27976976976977,4.608253106036847,2.9038317391955997,6.312674472878095
5.2869669669669666,4.613643007740449,2.9088950210061424,6.318390994474756
5.294164164164164,4.619032909441915,2.9139567629063037,6.324109055977527
5.301361361361361,4.6244228111412475,2.919016965785027,6.329828656497468
5.308558558558558,4.629812712838447,2.924075630534736,6.335549795142159
5.315755755755755,4.635202614533518,2.9291327580513267,6.341272471015709
5.322952952952953,4.640592516226463,2.9341883492341516,6.346996683218775
5.33015015015015,4.645982417917281,2.9392424049860018,6.35272243084856
5.337347347347347,4.6513723196059775,2.9442949262131126,6.358449712998842
5.3445445445445445,4.656762221292553,2.9493459138251366,6.364178528759969
5.3517417417417414,4.66215212297701,2.9543953687351383,6.369908877218881
5.358938938938938,4.667542024659353,2.9594432918595848,6.375640757459121
5.366136136136136,4.672931926339582,2.9644896841183264,6.381374168560837
5.373333333333333,4.678321828017698,2.9695345464345912,6.3871091096008055
5.38053053053053,4.683711729693706,2.974577879734975,6.3928455796524375
5.387727727727728,4.68910163136761,2.979619684949427,6.398583577785793
5.394924924924925,4.694491533039406,2.9846599630112287,6.404323103067583
5.402122122122122,4.699881434709102,2.9896987148570044,6.4100641545612
5.409319319319319,4.705271336376697,2.994735941426686,6.4158067313267075
5.416516516516516,4.710661238042195,2.9997716436635162,6.421550832420873
5.423713713713713,4.7160511397055975,3.0048058225140313,6.427296456897164
5.430910910910911,4.721441041366908,3.0098384789280495,6.433043603805766
5.438108108108108,4.726830943026126,3.014869613858658,6.438792272193594
5.445305305305305,4.732220844683257,3.0198992282622075,6.444542461104307
5.452502502502503,4.7376107463383015,3.024927323098289,6.450294169578314
5.4596996996997,4.743000647991262,3.0299538993297332,6.4560473966527905
5.4668968968968965,4.748390549642141,3.0349789579225925,6.46180214136169
5.474094094094093,4.7537804512909405,3.040002499846129,6.467558402735753
5.481291291291291,4.759170352937663,3.0450245260728046,6.473316179802522
5.488488488488488,4.76456025458231,3.0500450375782666,6.479075471586354
5.495685685685685,4.769950156224887,3.055064035341343,6.484836277108431
5.502882882882883,4.775340057865392,3.0600815203440153,6.4905985953867695
5.51008008008008,4.780729959503829,3.0650974935714217,6.496362425436237
5.517277277277277,4.786119861140201,3.070111956011839,6.502127766268563
5.5244744744744745,4.791509762774511,3.0751249086566697,6.507894616892352
5.531671671671671,4.796899664406757,3.0801363525004266,6.513662976313087
5.538868868868868,4.802289566036947,3.0851462885407335,6.519432843533161
5.546066066066066,4.807679467665079,3.0901547177782946,6.525204217551864
5.553263263263263,4.813069369291162,3.095161641216903,6.530977097365421
5.56046046046046,4.818459270915199,3.1001670598634137,6.536751481966985
5.567657657657658,4.823849172537201,3.105170974727736,6.542527370346665
5.574854854854855,4.829239074157171,3.1101733868228223,6.54830476149152
5.582052052052052,4.834628975775117,3.11517429716465,6.554083654385584
5.589249249249249,4.8400188773910475,3.120173706772219,6.559864048009876
5.596446446446446,4.8454087790049645,3.125171616667525,6.565645941342404
5.603643643643643,4.8507986806168795,3.1301680278755644,6.571429333358195
5.610840840840841,4.856188582226797,3.1351629414243076,6.577214223029286
5.618038038038038,4.861578483834722,3.1401563583446928,6.583000609324752
5.625235235235235,4.866968385440663,3.145148279670615,6.588788491210712
5.632432432432432,4.872358287044627,3.150138706438912,6.594577867650343
5.6396296296296295,4.8777481886466205,3.155127639689349,6.600368737603892
5.6468268268268265,4.883138090246651,3.160115080464612,6.6061611000286895
5.654024024024023,4.888527991844721,3.1651010298102884,6.611954953879153
5.661221221221221,4.893917893440842,3.1700854887748626,6.617750298106822
5.668418418418418,4.899307795035018,3.1750684584096964,6.623547131660339
5.675615615615615,4.904697696627256,3.1800499397690207,6.629345453485492
5.682812812812813,4.910087598217563,3.185029933909922,6.635145262525205
5.69001001001001,4.915477499805947,3.1900084418923296,6.640946557719564
5.697207207207207,4.920867401392411,3.194985464779001,6.646749338005821
5.704404404404404,4.926257302976966,3.199961003635517,6.652553602318415
5.711601601601601,4.931647204559615,3.2049350595302566,6.658359349588974
5.718798798798798,4.937037106140366,3.2099076335343963,6.664166578746336
5.725995995995996,4.9424270077192265,3.214878726721894,6.669975288716559
5.733193193193193,4.947816909296201,3.21984834016947,6.675785478422933
5.74039039039039,4.9532068108713,3.224816474956607,6.681597146785992
5.747587587587588,4.958596712444525,3.229783132165522,6.687410292723527
5.754784784784785,4.963986614015886,3.2347483128811687,6.693224915150604
5.7619819819819815,4.969376515585391,3.2397120181912156,6.699041012979566
5.769179179179179,4.974766417153042,3.2446742491860334,6.70485858512005
5.776376376376376,4.980156318718849,3.2496350069586892,6.710677630479008
5.783573573573573,4.985546220282816,3.254594292604927,6.7164981479607055
5.79077077077077,4.990936121844954,3.2595521072231612,6.722320136466747
5.797967967967968,4.996326023405267,3.2645084519144545,6.728143594896079
5.805165165165165,5.0017159249637615,3.269463327782515,6.733968522145008
5.812362362362362,5.007105826520443,3.2744167359336784,6.739794917107208
5.8195595595595595,5.012495728075321,3.2793686774768984,6.745622778673744
5.826756756756756,5.017885629628401,3.2843191535237297,6.751452105733072
5.833953953953953,5.023275531179688,3.2892681651883193,6.757282897171056
5.841151151151151,5.0286654327291895,3.2942157135873913,6.763115151870988
5.848348348348348,5.034055334276914,3.2991617998402383,6.76894886871359
5.855545545545545,5.039445235822865,3.3041064250687002,6.77478404657703
5.862742742742743,5.044835137367052,3.309049590397162,6.780620684336942
5.86993993993994,5.050225038909481,3.313991296952535,6.786458780866427
5.877137137137137,5.055614940450156,3.31893154586424,6.792298335036072
5.884334334334334,5.061004841989088,3.323870338264209,6.798139345713967
5.891531531531531,5.06639474352628,3.328807675286854,6.803981811765707
5.898728728728728,5.071784645061741,3.3337435580690693,6.809825732054413
5.905925925925926,5.077174546595475,3.3386779877502084,6.8156711054407415
5.913123123123123,5.082564448127492,3.3436109654720823,6.8215179307829015
5.92032032032032,5.087954349657796,3.3485424923789324,6.827366206936659
5.927517517517518,5.093344251186396,3.3534725696174323,6.83321593275536
5.934714714714715,5.0987341527132966,3.3584011983366624,6.839067107089931
5.9419119119119115,5.104124054238502,3.363328379688105,6.844919728788899
5.949109109109108,5.109513955762023,3.368254114825632,6.850773796698414
5.956306306306306,5.114903857283868,3.3731784049054916,6.856629309662244
5.963503503503503,5.1202937588040385,3.378101251086285,6.862486266521792
5.9707007007007,5.125683660322543,3.383022654528969,6.8683446661161165
5.977897897897898,5.13107356183939,3.387942616396837,6.874204507281943
5.985095095095095,5.136463463354583,3.3928611378555007,6.880065788853665
5.992292292292292,5.141853364868132,3.397778220072889,6.885928509663376
5.9994894894894895,5.147243266380042,3.4026938642192226,6.8917926685408615
6.006686686686686,5.152633167890318,3.40760807146701,6.897658264313627
6.013883883883883,5.1580230693989675,3.4125208429910305,6.903525295806904
6.021081081081081,5.163412970905999,3.417432179968329,6.90939376184367
6.028278278278278,5.168802872411419,3.42234208357819,6.915263661244648
6.035475475475475,5.17419277391523,3.427250555002132,6.921134992828328
6.042672672672673,5.179582675417447,3.4321575954239067,6.927007755410988
6.04986986986987,5.184972576918066,3.437063206029453,6.932881947806679
6.0570670670670665,5.190362478417102,3.441967388006926,6.938757568827278
6.064264264264264,5.195752379914558,3.4468701425466532,6.944634617282463
6.071461461461461,5.201142281410441,3.4517714708411344,6.950513091979747
6.078658658658658,5.206532182904757,3.4566713740850283,6.956392991724487
6.085855855855856,5.211922084397515,3.4615698534751376,6.962274315319893
6.093053053053053,5.21731198588872,3.4664669102103964,6.968157061567043
6.10025025025025,5.222701887378378,3.471362545491859,6.974041229264897
6.107447447447447,5.2280917888664975,3.476256760522687,6.979926817210308
6.1146446446446445,5.233481690353083,3.4811495565081336,6.985813824198033
6.121841841841841,5.2388715918381425,3.4860409346555343,6.991702249020751
6.129039039039038,5.244261493321683,3.4909308961742953,6.9975920904690705
6.136236236236236,5.249651394803711,3.4958194422758755,7.003483347331546
6.143433433433433,5.2550412962842294,3.500706574173776,7.009376018394683
6.15063063063063,5.26043119776325,3.5055922930835326,7.015270102442967
6.157827827827828,5.265821099240779,3.510476600222697,7.021165598258861
6.165025025025025,5.2712110007168205,3.515359496810823,7.027062504622818
6.172222222222222,5.276600902191382,3.520240984069459,7.032960820313305
6.179419419419419,5.28199080366447,3.5251210632221324,7.038860544106807
6.186616616616616,5.2873807051360915,3.5299997354943393,7.044761674777844
6.193813813813813,5.292770606606253,3.5348770021135274,7.0506642110989795
6.201011011011011,5.298160508074962,3.5397528643090883,7.056568151840835
6.208208208208208,5.303550409542224,3.54462732331234,7.062473495772107
6.215405405405405,5.308940311008045,3.549500380356519,7.068380241659571
6.222602602602603,5.314330212472433,3.5543720366767646,7.074288388268102
6.2297997997998,5.319720113935395,3.5592422935101062,7.080197934360683
6.2369969969969965,5.325110015396936,3.564111152095454,7.086108878698417
6.244194194194194,5.330499916857065,3.568978613673584,7.092021220040545
6.251391391391391,5.335889818315786,3.573844679487121,7.09793495714445
6.258588588588588,5.341279719773107,3.5787093507805343,7.10385008876568
6.265785785785786,5.346669621229035,3.5835726288001215,7.109766613657948
6.272982982982983,5.352059522683574,3.5884345147939927,7.115684530573156
6.28018018018018,5.357449424136735,3.5932950100120653,7.1216038382614055
6.287377377377377,5.362839325588521,3.598154115706041,7.127524535471
6.2945745745745745,5.368229227038942,3.6030118331294076,7.133446620948476
6.301771771771771,5.3736191284879995,3.6078681635374075,7.1393700934385915
6.308968968968968,5.379009029935705,3.6127231081870472,7.145294951684363
6.316166166166166,5.384398931382065,3.617576668337066,7.151221194427064
6.323363363363363,5.389788832827081,3.6224288452479296,7.157148820406233
6.33056056056056,5.395178734270765,3.6272796401818264,7.163077828359703
6.337757757757758,5.400568635713122,3.632129054402643,7.169008217023601
6.344954954954955,5.405958537154159,3.636977089175957,7.174939985132362
6.352152152152152,5.41134843859388,3.6418237457690195,7.18087313141874
6.359349349349349,5.416738340032296,3.646669025450757,7.186807654613835
6.366546546546546,5.422128241469409,3.651512929491738,7.192743553447079
6.373743743743743,5.427518142905232,3.6563554591641836,7.19868082664628
6.380940940940941,5.432908044339763,3.661196615741927,7.204619472937599
6.388138138138138,5.438297945773015,3.666036400500433,7.210559491045597
6.395335335335335,5.443687847204992,3.6708748147167602,7.216500879693224
6.402532532532533,5.449077748635704,3.6757118596695646,7.222443637601843
6.4097297297297295,5.454467650065153,3.6805475366390743,7.228387763491232
6.4169269269269265,5.4598575514933465,3.685381846907087,7.234333256079606
6.424124124124124,5.465247452920297,3.6902147917569597,7.2402801140836335
6.431321321321321,5.470637354346001,3.695046372473578,7.246228336218425
6.438518518518518,5.476027255770475,3.699876590343372,7.252177921197578
6.445715715715715,5.48141715719372,3.7047054466542786,7.258128867733161
6.452912912912913,5.486807058615743,3.709532942695742,7.264081174535744
6.46011011011011,5.492196960036553,3.7143590797587036,7.270034840314403
6.467307307307307,5.497586861456155,3.7191838591355797,7.275989863776731
6.474504504504504,5.502976762874555,3.7240072821202546,7.281946243628855
6.481701701701701,5.508366664291763,3.728829350008076,7.287903978575449
6.488898898898898,5.51375656570778,3.7336500640958254,7.293863067319735
6.496096096096096,5.519146467122617,3.738469425681724,7.29982350856351
6.503293293293293,5.524536368536279,3.7432874360654083,7.30578530100715
6.51049049049049,5.529926269948774,3.748104096547924,7.311748443349624
6.517687687687688,5.535316171360107,3.752919408431711,7.317712934288504
6.524884884884885,5.540706072770286,3.757733373020593,7.323678772519979
6.5320820820820815,5.546095974179316,3.762545991619765,7.329645956738867
6.539279279279279,5.551485875587204,3.7673572655357797,7.3356144856386285
6.546476476476476,5.5568757769939605,3.7721671960765417,7.34158435791138
6.553673673673673,5.562265678399585,3.7769757845512806,7.34755557224789
6.560870870870871,5.56765557980409,3.7817830322705595,7.353528127337621
6.568068068068068,5.57304548120748,3.7865889405462467,7.359502021868712
6.575265265265265,5.5784353826097615,3.7913935106915115,7.365477254528011
6.582462462462463,5.583825284010944,3.7961967440208113,7.371453824001076
6.5896596596596595,5.589215185411028,3.8009986418498722,7.377431728972184
6.596856856856856,5.5946050868100246,3.805799205495691,7.383410968124358
6.604054054054053,5.599994988207939,3.8105984362765124,7.389391540139366
6.611251251251251,5.605384889604779,3.8153963355118217,7.3953734436977365
6.618448448448448,5.610774791000551,3.820192904522332,7.401356677478771
6.625645645645645,5.6161646923952615,3.8249881446299696,7.407341240160553
6.632842842842843,5.621554593788916,3.8297820571578667,7.413327130419966
6.64004004004004,5.626944495181522,3.834574643430347,7.419314346932698
6.647237237237237,5.632334396573086,3.8393659047729143,7.425302888373257
6.654434434434434,5.637724297963615,3.844155842512243,7.431292753414987
6.661631631631631,5.643114199353116,3.8489444579761614,7.437283940730071
6.668828828828828,5.6485041007415955,3.853731752493645,7.443276448989546
6.676026026026026,5.653894002129058,3.858517727394799,7.4492702768633166
6.683223223223223,5.659283903515513,3.863302384010857,7.45526542302017
6.69042042042042,5.664673804900965,3.868085723674154,7.461261886127776
6.697617617617618,5.670063706285424,3.8728677477181335,7.467259664852714
6.704814814814815,5.67545360766889,3.877648457477314,7.473258757860467
6.7120120120120115,5.680843509051378,3.882427854287302,7.479259163815454
6.719209209209209,5.686233410432889,3.8872059394847573,7.485260881381021
6.726406406406406,5.69162331181343,3.891982714407394,7.491263909219466
6.733603603603603,5.69701321319301,3.896758180393973,7.497268245992047
6.740800800800801,5.702403114571634,3.9015323387842757,7.503273890358993
6.747997997997998,5.70779301594931,3.9063051909191078,7.509280840979512
6.755195195195195,5.7131829173260424,3.9110767381402747,7.51528909651181
6.762392392392392,5.718572818701839,3.9158469817905814,7.521298655613096
6.7695895895895895,5.723962720076708,3.920615923213817,7.5273095169395985
6.776786786786786,5.729352621450653,3.9253835637547367,7.533321679146569
6.783983983983983,5.734742522823683,3.9301499047590607,7.539335140888305
6.791181181181181,5.740132424195805,3.934914947573458,7.5453499008181515
6.798378378378378,5.745522325567023,3.9396786935455332,7.551365957588514
6.805575575575575,5.750912226937345,3.9444411440238176,7.557383309850872
6.812772772772773,5.756302128306778,3.9492023003577614,7.563401956255795
6.81996996996997,5.761692029675329,3.9539621638977143,7.569421895452944
6.8271671671671665,5.767081931043004,3.958720735994922,7.575443126091086
6.834364364364364,5.77247183240981,3.963478018001509,7.581465646818111
6.841561561561561,5.777861733775753,3.968234011270472,7.587489456281034
6.848758758758758,5.783251635140838,3.9729887171556637,7.5935145531260115
6.855955955955956,5.788641536505077,3.977742137011793,7.599540935998361
6.863153153153153,5.794031437868471,3.982494272194395,7.6055686035425465
6.87035035035035,5.79942133923103,3.9872451240598386,7.611597554402221
6.877547547547548,5.804811240592758,3.991994693965302,7.617627787220214
6.8847447447447445,5.810201141953664,3.9967429832687724,7.623659300638556
6.891941941941941,5.815591043313753,4.0014899933290256,7.62969209329848
6.899139139139139,5.820980944673034,4.006235725505622,7.635726163840445
6.906336336336336,5.8263708460315105,4.01098018115889,7.641761510904131
6.913533533533533,5.83176074738919,4.015723361649918,7.647798133128461
6.92073073073073,5.837150648746082,4.020465268340552,7.653836029151612
6.927927927927928,5.842540550102189,4.02520590259336,7.659875197611019
6.935125125125125,5.847930451457522,4.029945265771652,7.665915637143391
6.942322322322322,5.853320352812084,4.034683359239446,7.671957346384721
6.949519519519519,5.8587102541658815,4.039420184361467,7.678000323970296
6.956716716716716,5.8641001555189245,4.044155742503138,7.684044568534711
6.963913913913913,5.869490056871218,4.048890035030564,7.690090078711871
6.971111111111111,5.874879958222766,4.0536230633105195,7.6961368531350125
6.978308308308308,5.880269859573577,4.058354828710447,7.7021848904367065
6.985505505505505,5.885659760923662,4.063085332598446,7.708234189248879
6.992702702702703,5.891049662273021,4.06781457634324,7.714284748202802
6.9998998998999,5.896439563621663,4.072542561314198,7.720336565929128
7.0070970970970965,5.901829464969594,4.077269288881305,7.7263896410578825
7.014294294294294,5.907219366316825,4.081994760415158,7.732443972218492
7.021491491491491,5.912609267663356,4.086718977286946,7.738499558039766
7.028688688688688,5.917999169009198,4.091441940868451,7.744556397149944
7.035885885885886,5.923389070354357,4.096163652532037,7.750614488176677
7.043083083083083,5.928778971698839,4.100884113650627,7.756673829747051
7.05028028028028,5.934168873042649,4.105603325597706,7.762734420487593
7.0574774774774776,5.939558774385799,4.110321289747308,7.76879625902429
7.0646746746746745,5.944948675728288,4.115038007473993,7.774859343982582
7.071871871871871,5.950338577070129,4.1197534801528635,7.780923673987394
7.079069069069068,5.955728478411325,4.124467709159522,7.786989247663128
7.086266266266266,5.961118379751887,4.1291806958700885,7.793056063633685
7.093463463463463,5.966508281091816,4.133892441661165,7.799124120522467
7.10066066066066,5.971898182431121,4.138602947909851,7.805193416952392
7.107857857857858,5.9772880837698095,4.143312215993712,7.811263951545907
7.115055055055055,5.982677985107887,4.148020247290782,7.817335722924991
7.122252252252252,5.988067886445362,4.152727043179553,7.82340872971117
7.129449449449449,5.993457787782239,4.1574326050389505,7.829482970525527
7.136646646646646,5.9988476891185245,4.162136934248343,7.835558443988706
7.143843843843843,6.004237590454227,4.166840032187521,7.841635148720933
7.151041041041041,6.009627491789352,4.1715419002366865,7.847713083342018
7.158238238238238,6.015017393123905,4.176242539776448,7.853792246471363
7.165435435435435,6.020407294457896,4.1809419521878075,7.859872636727984
7.172632632632633,6.025797195791329,4.1856401388521505,7.865954252730507
7.1798298298298295,6.031187097124211,4.190337101151237,7.872037093097185
7.1870270270270264,6.036576998456549,4.195032840467191,7.878121156445906
7.194224224224224,6.04196689978835,4.199727358182492,7.884206441394208
7.201421421421421,6.047356801119619,4.20442065567996,7.890292946559279
7.208618618618618,6.052746702450364,4.209112734342754,7.896380670557973
7.215815815815816,6.058136603780591,4.213803595554357,7.902469612006825
7.223013013013013,6.063526505110309,4.218493240698568,7.908559769522049
7.23021021021021,6.068916406439519,4.2231816711594865,7.914651141719552
7.237407407407407,6.074306307768234,4.227868888321515,7.920743727214953
7.244604604604604,6.079696209096458,4.232554893569337,7.926837524623578
7.251801801801801,6.0850861104241964,4.237239688287914,7.9329325325604785
7.258998998998998,6.090476011751457,4.241923273862475,7.93902874964044
7.266196196196196,6.0958659130782475,4.246605651678505,7.94512617447799
7.273393393393393,6.101255814404574,4.251286823121738,7.95122480568741
7.28059059059059,6.106645715730441,4.255966789578144,7.957324641882737
7.287787787787788,6.112035617055858,4.260645552433926,7.963425681677789
7.294984984984985,6.117425518380829,4.265323113075502,7.969527923686155
7.3021821821821815,6.122815419705363,4.269999472889504,7.975631366521222
7.309379379379379,6.128205321029466,4.27467463326276,7.9817360087961715
7.316576576576576,6.133595222353144,4.279348595582291,7.987841849123996
7.323773773773773,6.1389851236764015,4.284021361235299,7.993948886117504
7.330970970970971,6.144375024999251,4.288692931609164,8.000057118389337
7.338168168168168,6.149764926321694,4.293363308091423,8.006166544551967
7.345365365365365,6.155154827643739,4.298032492069766,8.01227716321771
7.352562562562563,6.160544728965394,4.302700484932036,8.018388972998752
7.3597597597597595,6.165934630286663,4.307367288066202,8.024501972507124
7.366956956956956,6.171324531607552,4.312032902860363,8.030616160354741
7.374154154154154,6.176714432928072,4.31669733070274,8.036731535153404
7.381351351351351,6.182104334248225,4.321360572981656,8.042848095514795
7.388548548548548,6.18749423556802,4.326022631085535,8.048965840050506
7.395745745745745,6.192884136887465,4.330683506402894,8.055084767372037
7.402942942942943,6.198274038206564,4.335343200322326,8.061204876090802
7.41014014014014,6.203663939525325,4.340001714232502,8.067326164818148
7.417337337337337,6.209053840843753,4.344659049522149,8.073448632165356
7.424534534534534,6.214443742161857,4.349315207580057,8.079572276743656
7.431731731731731,6.2198336434796415,4.353970189795055,8.085697097164228
7.438928928928928,6.225223544797115,4.358623997556011,8.091823092038219
7.446126126126126,6.230613446114282,4.36327663225182,8.097950259976745
7.453323323323323,6.236003347431152,4.367928095271397,8.104078599590906
7.46052052052052,6.241393248747729,4.372578388003668,8.11020810949179
7.467717717717718,6.246783150064021,4.377227511837559,8.116338788290484
7.4749149149149146,6.252173051380033,4.3818754681619865,8.122470634598079
7.4821121121121115,6.257562952695774,4.386522258365859,8.128603647025688
7.489309309309309,6.2629528540112505,4.391167883838054,8.134737824184448
7.496506506506506,6.268342755326467,4.395812345967416,8.140873164685518
7.503703703703703,6.273732656641432,4.400455646142751,8.147009667140113
7.510900900900901,6.279122557956151,4.405097785752812,8.15314733015949
7.518098098098098,6.28451245927063,4.409738766186297,8.159286152354962
7.525295295295295,6.289902360584878,4.414378588831834,8.165426132337922
7.5324924924924925,6.295292261898902,4.4190172550779785,8.171567268719825
7.5396896896896894,6.300682163212703,4.423654766313195,8.177709560112211
7.546886886886886,6.306072064526295,4.428291123925867,8.183853005126723
7.554084084084083,6.31146196583968,4.432926329304266,8.189997602375094
7.561281281281281,6.316851867152867,4.437560383836562,8.196143350469171
7.568478478478478,6.322241768465861,4.442193288910804,8.202290248020917
7.575675675675675,6.327631669778667,4.446825045914918,8.208438293642416
7.582872872872873,6.3330215710912965,4.4514556562366945,8.214587485945898
7.59007007007007,6.338411472403753,4.456085121263785,8.220737823543722
7.5972672672672665,6.343801373716042,4.4607134423836845,8.2268893050484
7.604464464464464,6.349191275028174,4.465340620983738,8.23304192907261
7.611661661661661,6.354581176340154,4.46996665845112,8.239195694229188
7.618858858858858,6.359971077651985,4.474591556172826,8.245350599131143
7.626056056056056,6.365360978963678,4.479215315535679,8.251506642391677
7.633253253253253,6.370750880275239,4.483837937926306,8.25766382262417
7.64045045045045,6.376140781586672,4.488459424731134,8.26382213844221
7.647647647647648,6.3815306828979885,4.49307977733639,8.269981588459588
7.6548448448448445,6.386920584209189,4.497698997128077,8.276142171290301
7.662042042042041,6.392310485520285,4.502317085491986,8.282303885548584
7.669239239239239,6.397700386831282,4.506934043813674,8.28846672984889
7.676436436436436,6.4030902881421845,4.511549873478456,8.294630702805913
7.683633633633633,6.408480189453002,4.516164575871411,8.300795803034593
7.690830830830831,6.41387009076374,4.520778152377356,8.306962029150124
7.698028028028028,6.419259992074403,4.525390604380849,8.313129379767958
7.705225225225225,6.424649893385002,4.530001933266185,8.31929785350382
7.712422422422422,6.4300397946955385,4.534612140417373,8.325467448973704
7.719619619619619,6.435429696006025,4.539221227218149,8.331638164793901
7.726816816816816,6.440819597316464,4.543829195051947,8.337809999580982
7.734014014014013,6.446209498626863,4.548436045301909,8.343982951951817
7.741211211211211,6.451599399937229,4.553041779350867,8.350157020523591
7.748408408408408,6.456989301247568,4.5576463985813405,8.356332203913796
7.755605605605605,6.462379202557887,4.562249904375526,8.36250850074025
7.762802802802803,6.467769103868195,4.566852298115294,8.368685909621096
7.77,6.473159005178493,4.571453581182173,8.374864429174814
