rt_source,rt_target_predicted,ci_lower,ci_upper
2.41,1.2015808640639694,0.8163972855955284,1.5867644425324103
2.433023023023023,1.2216199382601882,0.8374916376187854,1.6057482389015911
2.4560460460460463,1.2415052813658216,0.8583589242932949,1.6246516384383485
2.479069069069069,1.261083162290282,0.8788447446619694,1.6433215799185947
2.5020920920920924,1.2801998499429854,0.8987947946630077,1.6616049052229631
2.525115115115115,1.2987016132333435,0.9180549106887708,1.6793483157779163
2.548138138138138,1.3164347294145915,0.9364710712055612,1.696398387623622
2.5711611611611613,1.3332839294303978,0.9539278472591434,1.712640011601652
2.594184184184184,1.3492610229062667,0.9704370612324786,1.7280849845800548
2.6172072072072075,1.3644040341731831,0.9860369268854259,1.7427711414609404
2.6402302302302303,1.3787509875621298,1.0007658342449983,1.7567361408792612
2.6632532532532536,1.392339907404091,1.0146623483740038,1.7700174664341781
2.6862762762762764,1.4052088180300497,1.0277652093275897,1.7826524267325097
2.7092992992992997,1.4173957437709908,1.0401133333421362,1.7946781541998453
2.7323223223223225,1.428938708957896,1.051745810009595,1.8061316079061969
2.7553453453453454,1.4398757379217508,1.0627018981529277,1.817049577690574
2.7783683683683686,1.4502448549935387,1.0730210210150253,1.8274686889720522
2.8013913913913915,1.4600840845042409,1.0827427607980487,1.837425408210433
2.8244144144144148,1.4694314507848443,1.0919068525950142,1.8469560489746744
2.8474374374374376,1.4783249781663304,1.1005531777595907,1.85609677857307
2.8704604604604604,1.486802690979684,1.1087217567635008,1.8648836251958674
2.8934834834834837,1.4949026135558883,1.1164527415932943,1.8733524855184822
2.9165065065065066,1.5026627702259265,1.1237864077400475,1.8815391327118056
2.93952952952953,1.5101211853207832,1.1307631458361207,1.8894792248054457
2.9625525525525527,1.5173158831714408,1.1374234529932605,1.8972083133496211
2.9855755755755755,1.524284888108885,1.1438079238952548,1.9047618523225154
3.008598598598599,1.531066224464097,1.149957241696952,1.912175207231242
3.031621621621622,1.5376979165680622,1.1559121687790723,1.919483664357052
3.054644644644645,1.5442179887517633,1.1617135374055123,1.9267224400980143
3.0776676676676678,1.5506644653461836,1.167402240326382,1.9339266903659853
3.100690690690691,1.5570753706823086,1.1730192213664483,1.941131519998169
3.123713713713714,1.5634887290911197,1.1786054660343472,1.9483719921478921
3.146736736736737,1.5699425649036023,1.1842019921839273,1.9556831376232773
3.16975975975976,1.5764748983162733,1.1898497938402373,1.9631000027923093
3.192782782782783,1.5831154637124467,1.1955813166300093,1.970649610794884
3.215805805805806,1.5898683493042869,1.2014031164035863,1.9783335822049875
3.238828828828829,1.5967326965315867,1.207316436735343,1.9861489563278303
3.2618518518518522,1.603707646834139,1.2133223758980305,1.9940929177702473
3.284874874874875,1.6107923416517365,1.2194219379319235,2.002162745371549
3.307897897897898,1.6179859224241702,1.2256160348721918,2.0103558099761485
3.330920920920921,1.6252875305912358,1.2319054890641967,2.018669572118275
3.353943943943944,1.6326963075927223,1.2382910355490648,2.02710157963638
3.3769669669669673,1.6402113948684245,1.2447733245034893,2.0356494652333597
3.39998998998999,1.6478319338581342,1.2513529237189354,2.044310943997333
3.423013013013013,1.6555570660016432,1.2580303211073012,2.0530838108959855
3.4460360360360363,1.6633859327387464,1.2648059272210288,2.061965938256464
3.4690590590590595,1.6713176755092343,1.2716800777772035,2.070955273241265
3.4920820820820824,1.6793514357529007,1.2786530361763597,2.080049835329442
3.515105105105105,1.6874863549095358,1.285724996007594,2.0892477138114773
3.538128128128128,1.6957215744189351,1.2928960835330563,2.098547065304814
3.5611511511511513,1.7040562357208895,1.3001663601453428,2.107946111296436
3.5841741741741746,1.712489480255191,1.3075358247926154,2.1174431357177665
3.6071971971971974,1.721020449461635,1.315004416366809,2.127036482556461
3.6302202202202203,1.7296482847800105,1.3225720160510768,2.1367245535089445
3.6532432432432436,1.7383721276501116,1.330238449623386,2.146505805676837
3.6762662662662664,1.747191119511733,1.338003489713606,2.1563787493098596
3.6992892892892897,1.756104401804663,1.345866858012036,2.16634194559729
3.7223123123123125,1.7651111159686972,1.3538282274279083,2.176394004509486
3.7453353353353354,1.7742104034436261,1.361887224196526,2.186533582690726
3.7683583583583586,1.783401405669245,1.3700434299344186,2.1967593814040716
3.791381381381382,1.7926832640853436,1.378296383641974,2.2070701445287133
3.8144044044044048,1.802055120131717,1.3866455836534035,2.2174646566100304
3.8374274274274276,1.8115161152481551,1.3950904895340872,2.227941740962223
3.8604504504504504,1.8210653908744523,1.403630523925662,2.2385002578232425
3.8834734734734737,1.8307020884504006,1.4122650743392313,2.24913910256157
3.906496496496497,1.8404253494157932,1.4209934948974114,2.2598572039341747
3.92951951951952,1.8502343152104213,1.4298151080259458,2.270653522394897
3.9525425425425427,1.8601281272740786,1.4387292060957373,2.28152704845242
3.9755655655655655,1.8701059270465559,1.4477350530162403,2.2924768010768717
3.998588588588589,1.8801668559676497,1.4568318857813587,2.3035018261539406
4.021611611611612,1.8903100554771484,1.4660189159686927,2.3146011949856042
4.044634634634635,1.900534667014846,1.4752953311935033,2.3257740028361886
4.067657657657658,1.9108398320205349,1.4846602965183604,2.3370193675227093
4.090680680680681,1.9212246919340077,1.494112955819668,2.348336428048347
4.113703703703704,1.9316883881950577,1.5036524331122973,2.359724343277818
4.136726726726727,1.9422300622434778,1.5132778338333976,2.3711822906535582
4.15974974974975,1.952848855519058,1.5229882460865467,2.3827094649515694
4.182772772772773,1.9635439094615927,1.5327827418474116,2.394305077075774
4.205795795795796,1.9743143655108757,1.542660378132012,2.4059683528897393
4.228818818818819,1.9851593651066954,1.5526201981285905,2.4176985320848003
4.251841841841842,1.9960780496888497,1.562661232294345,2.4294948670833545
4.274864864864865,2.0070695606971265,1.5727824994177317,2.4413566219765213
4.297887887887888,2.0181330395713224,1.5829830076476563,2.4532830714949885
4.320910910910911,2.029267627751227,1.5932617554902513,2.4652735000122026
4.3439339339339345,2.0404724666766336,1.6036177327742658,2.4773272005790012
4.366956956956957,2.051746697787334,1.6140499215859456,2.489443473988723
4.38997997997998,2.063089462523123,1.6245572971741689,2.5016216278720775
4.413003003003004,2.07449990232379,1.6351388288266704,2.513860975820909
4.436026026026026,2.0859771586291322,1.6457934807181518,2.5261608365401127
4.4590490490490495,2.097520372878937,1.65652021273086,2.5385205330270137
4.482072072072072,2.109128686512998,1.6673179812484795,2.5509393917775167
4.505095095095095,2.120801240971111,1.678185739923848,2.5634167420183736
4.528118118118119,2.1325371776930657,1.6891224404211278,2.5759519149650036
4.551141141141141,2.144335638118655,1.7001270331330656,2.588544243104245
4.574164164164165,2.156195763687674,1.7111984678737489,2.6011930595015986
4.597187187187187,2.1681166958399127,1.7223356945474941,2.613897697132331
4.62021021021021,2.180097576015163,1.7335376637942166,2.6266574882361096
4.643233233233234,2.19213754565322,1.744803327611788,2.6394717636946523
4.666256256256256,2.2042357461938726,1.7561316399558053,2.65233985243194
4.68927927927928,2.2163913190769184,1.7675215573170582,2.6652610808367787
4.7123023023023025,2.228603405742143,1.778972039277166,2.6782347722071203
4.735325325325325,2.2408711476293464,1.7904820490426574,2.6912602462160353
4.758348348348349,2.2531936861783177,1.8020505539578067,2.704336818398829
4.781371371371371,2.265570162828848,1.8136765259964998,2.7174637996611963
4.804394394394395,2.2779997190207326,1.8253589422334984,2.730640495807967
4.827417417417418,2.290481496193763,1.8370967852952362,2.74386620709229
4.85044044044044,2.3030146357877306,1.848889043790429,2.7571402277850323
4.873463463463464,2.3155982792424297,1.8607347127208032,2.770461845764056
4.896486486486487,2.32823156799765,1.8726327938720164,2.7838303421232835
4.91950950950951,2.34091364349319,1.8845822961851066,2.797244990801273
4.942532532532533,2.3536436471688353,1.8965822361085731,2.8107050582290976
4.9655555555555555,2.3664207204643812,1.908631637931337,2.8242098029974256
4.988578578578579,2.3792440048196215,1.9207295340967212,2.837758475542522
5.011601601601602,2.392112641674349,1.9328749654976392,2.8513503178510584
5.034624624624625,2.4050257724683544,1.9450669817531598,2.864984563183549
5.057647647647649,2.4179825386414304,1.9573046414666515,2.8786604358162093
5.080670670670671,2.4309820816333705,1.9695870124655916,2.892377150801149
5.103693693693694,2.444023542883967,1.9819131720232974,2.906133913744637
5.126716716716717,2.4571060638330127,1.9942822070626747,2.9199299206033507
5.14973973973974,2.4702287859202983,2.0066932143421856,2.933764357498411
5.172762762762764,2.4833908505856184,2.0191453006242166,2.94763640054702
5.195785785785786,2.4965913992687647,2.031637582825942,2.9615452157115874
5.218808808808809,2.5098295734095317,2.0441691881529658,2.9754899586660977
5.241831831831832,2.5231045144477093,2.056739254215806,2.9894697746796126
5.264854854854855,2.53641536382309,2.0693469291295115,3.003483798516669
5.287877877877879,2.5497612629754682,2.0819913715964766,3.01753115435446
5.310900900900901,2.5631413533446343,2.094671750972759,3.0316109557165096
5.3339239239239244,2.576554776370384,2.1073872473179946,3.045722305422774
5.356946946946947,2.5900006734925087,2.120137051429168,3.0598642955558493
5.37996996996997,2.6034781861507983,2.132920364858417,3.0740360074431794
5.402992992992994,2.616986455785047,2.1457363999150965,3.0882365116549972
5.426016016016016,2.630524623835048,2.1585843796522677,3.102464868017828
5.4490390390390395,2.644091831740592,2.1714635378378744,3.1167201256433095
5.472062062062062,2.6576872209414764,2.1843731189108344,3.1310013229721183
5.495085085085085,2.67130993287749,2.197312377922174,3.1453074878328056
5.518108108108109,2.6849591089884237,2.2102805804615766,3.159637637515271
5.541131131131131,2.698633890714072,2.223277002569453,3.1739907788586907
5.564154154154155,2.7123334194942297,2.2363009306348314,3.188365908353628
5.587177177177177,2.726056836768685,2.249351661279254,3.2027620122581157
5.6102002002002,2.739803283977232,2.2624285012269687,3.2171780667274956
5.633223223223224,2.753571902559666,2.275530767161617,3.231613037957715
5.656246246246246,2.7673618339557757,2.2886577855696233,3.246065882341928
5.67926926926927,2.781172219605357,2.3018088925706177,3.2605355466400967
5.7022922922922925,2.7950022009481996,2.3149834337349966,3.2750209681614026
5.725315315315315,2.808850919424098,2.3281807638889696,3.289521074959226
5.748338338338339,2.822717516472844,2.3414002469072264,3.3040347860384616
5.771361361361362,2.836601133534229,2.3546412554935188,3.318561011574939
5.794384384384385,2.8505009120480493,2.3679031709493366,3.333098653146762
5.817407407407408,2.864415993454092,2.381185382930878,3.347646603977306
5.84043043043043,2.878345519192154,2.3944872891945885,3.3622037491897196
5.863453453453454,2.892288630702027,2.40780829533138,3.3767689660726736
5.886476476476477,2.906244469423501,2.4211478144897782,3.391341124357224
5.9094994994995,2.9202121767963716,2.43450526708818,3.405919086504563
5.9325225225225235,2.93419089426043,2.4478800805163545,3.420501708004505
5.9555455455455455,2.948179763255468,2.4612716888263897,3.435087837684546
5.978568568568569,2.9621779252212805,2.4746795324132185,3.4496763180293426
6.001591591591592,2.9761845215976583,2.488103057684846,3.4642659855104707
6.024614614614615,2.990198693824393,2.501541716722435,3.4788556709263507
6.047637637637639,3.0042195833412824,2.5149949669303404,3.4934441997522243
6.070660660660661,3.018246331588111,2.5284622706761577,3.5080303925000647
6.093683683683684,3.032278080004677,2.5419430949209465,3.5226130650884073
6.116706706706707,3.0463139700307704,2.55543691083959,3.537191029221951
6.13972972972973,3.0603531431061866,2.5689431934314144,3.5517630927809587
6.162752752752754,3.0743947406707126,2.5824614211210455,3.5663280602203797
6.185775775775776,3.0884379041641448,2.595991075349546,3.5808847329787437
6.208798798798799,3.1024817750262805,2.609531640155798,3.595431909896763
6.231821821821822,3.1165254946969054,2.6230826017480746,3.6099683876457362
6.254844844844845,3.1305682046158143,2.6366434480658305,3.624492961165798
6.277867867867869,3.1446090462227994,2.6502136683315367,3.639004424114062
6.300890890890891,3.1586471609576514,2.6637927525925256,3.6535015693227773
6.323913913913914,3.172681690260165,2.6773801912527024,3.6679831892676273
6.346936936936937,3.186711775570134,2.690975474593978,3.6824480765462906
6.36995995995996,3.2007365583273484,2.7045780922872567,3.69689502436744
6.392982982982984,3.2147551799716014,2.7181875328927982,3.7113228270504046
6.416006006006007,3.2287667819426864,2.7318032833497075,3.7257302805356654
6.4390290290290295,3.242770505680394,2.7454248284543237,3.7401161829064646
6.462052052052052,3.256765492624519,2.7590516503272604,3.7544793349217778
6.485075075075075,3.270750884214855,2.7726832278687255,3.768818540560985
6.508098098098099,3.2847258218911914,2.7863190336809094,3.7831326101014735
6.531121121121122,3.2986894470933246,2.799958402221313,3.7974204919653363
6.554144144144145,3.312640901261041,2.813600461741584,3.8116813407804977
6.577167167167167,3.326579325834139,2.827244312579205,3.825914339089073
6.60019019019019,3.3405038622524064,2.8408890432974987,3.840118681207314
6.623213213213214,3.354413651955641,2.854533731125462,3.8542935727858203
6.646236236236237,3.368307836383631,2.8681774423865307,3.868438230380731
6.66925925925926,3.3821855569761716,2.8818192329167265,3.8825518810356168
6.6922822822822825,3.3960459551730517,2.8954581484724446,3.896633761873659
6.715305305305305,3.40988817241407,2.909093225128322,3.910683119699818
6.738328328328329,3.4237113501390164,2.922723489665424,3.9246992106126086
6.761351351351352,3.4375146297876773,2.9363479599501856,3.938681299625169
6.784374374374375,3.4512971527998553,2.9499656453043848,3.952628660295326
6.807397397397398,3.4650580606153354,2.96357554686642,3.9665405743642506
6.83042042042042,3.4787964946739143,2.9771766579443137,3.980416331403515
6.853443443443444,3.4925115964153823,2.990767964360641,3.9942552284701236
6.876466466466467,3.506202507279532,3.0043484447897306,4.008056569769334
6.89948948948949,3.519868368706159,3.0179170710874286,4.021819666324889
6.922512512512513,3.533508322135053,3.0314728086136467,4.035543835656459
6.945535535535536,3.5471215090060064,3.045014616548055,4.049228401463958
6.968558558558559,3.5607070707588138,3.0585414481990867,4.062872693318541
6.991581581581582,3.5742641488332634,3.0720522513065616,4.076476046359965
7.014604604604605,3.5877918846691537,3.0855459683381783,4.090037801000129
7.037627627627628,3.6012894197062733,3.099021536780037,4.10355730263251
7.0606506506506514,3.6147558953844166,3.11247788942152,4.117033901347313
7.083673673673674,3.6281904531433735,3.1259139546346653,4.130466951652082
7.106696696696697,3.6415922344229386,3.139328656648279,4.143855812197598
7.12971971971972,3.654960380662906,3.152720915816972,4.15719984550884
7.152742742742743,3.6682940333030656,3.1660896488853116,4.170498417720819
7.1757657657657665,3.681592333783213,3.1794337692472965,4.183750898319129
7.198788788788789,3.694854423543135,3.192752187201261,4.196956659885009
7.221811811811812,3.7080794440226277,3.2060438102004634,4.210115077844792
7.244834834834835,3.721266536661488,3.219307543099453,4.223225530223523
7.267857857857859,3.7344148428994997,3.232542288396342,4.236287397402657
7.290880880880882,3.7475235041764625,3.245746946471237,4.249300061881688
7.313903903903904,3.760591661932165,3.258920415820811,4.262262908043519
7.336926926926927,3.7736184576064,3.2720615932892554,4.275175321923545
7.35994994994995,3.786603032638962,3.2851693742956853,4.288036690982239
7.382972972972974,3.7995445284696436,3.298242653058084,4.300846403881203
7.405995995995997,3.8124420865382342,3.3112803228139374,4.313603850262531
7.4290190190190195,3.8252948482845315,3.3242812760376252,4.326308420531437
7.452042042042042,3.8381019551483218,3.3372444046546343,4.338959505642009
7.475065065065065,3.850862548569403,3.3501686002527302,4.351556496886076
7.498088088088089,3.8635757699875657,3.363052754290092,4.36409878568504
7.521111111111112,3.876240760842601,3.375895758300522,4.37658576338468
7.544134134134135,3.888856662574303,3.3886965040957806,4.3890168210528255
7.567157157157157,3.901422616622465,3.4014538839650856,4.4013913492798435
7.59018018018018,3.913937764426879,3.414166790871809,4.413708737981948
7.613203203203204,3.926401247427335,3.4268341186474505,4.425968376207219
7.636226226226227,3.9388122070636267,3.439454762182893,4.43816965194436
7.65924924924925,3.951169784775553,3.452027617616951,4.450311951934156
7.6822722722722725,3.9634731220028945,3.46455158252225,4.462394661483539
7.705295295295296,3.9757213601854535,3.477025556088493,4.474417164282414
7.728318318318319,3.987913640763018,3.4894484393030067,4.486378842223029
7.751341341341342,4.000049105175382,3.501819135128702,4.498279075222062
7.774364364364365,4.012126894862339,3.5141365486793648,4.510117241045314
7.797387387387388,4.024146151263681,3.5263995873922713,4.52189271513509
7.820410410410411,4.036106015819199,3.5386071611981755,4.533604870440222
7.843433433433434,4.048005629968685,3.550758182688572,4.545253077248798
7.866456456456457,4.059844135151936,3.562851567280272,4.5568367030236
7.88947947947948,4.0716206728087405,3.5748862333772222,4.568355112240258
7.912502502502503,4.083334384378892,3.586861102529575,4.579807666228209
7.935525525525526,4.094984411302185,3.5987750995899432,4.5911937230144275
7.958548548548549,4.106569895018409,3.610627152866812,4.6025126371700065
7.981571571571572,4.118089976967356,3.6224161942750683,4.613763759659644
8.004594594594595,4.129543798588822,3.634141159483593,4.62494643769405
8.027617617617619,4.140930501322598,3.6458009880598703,4.6360600145853255
8.05064064064064,4.152249226608475,3.65739462361156,4.64710382960539
8.073663663663664,4.163499115886249,3.6689210139249884,4.658077217847509
8.096686686686688,4.174679310595711,3.6803791111004704,4.668979510090952
8.11970970970971,4.185788952176652,3.6917678716844287,4.6798100326688745
8.142732732732734,4.196827182068866,3.7030862567982514,4.69056810733948
8.165755755755757,4.207793141712147,3.7143332322637925,4.7012530511605
8.18877877877878,4.218685972546282,3.7255077687254707,4.711864176367094
8.211801801801801,4.229504816011068,3.7366088417689043,4.722400790253232
8.234824824824825,4.240248813546299,3.7476354320360037,4.732862195056595
8.257847847847849,4.250917106591766,3.7585865253364252,4.743247687847107
8.28087087087087,4.261508836587259,3.769461112755377,4.753556560419141
8.303893893893894,4.2720231449725725,3.7802581907576536,4.763788099187491
8.326916916916918,4.2824591731875,3.790976761287849,4.773941585087151
8.34993993993994,4.292816062671832,3.8016158318666484,4.784016293477016
8.372962962962964,4.303092954865363,3.812174415683198,4.7940114940475285
8.395985985985988,4.313288991207885,3.822651531683391,4.803926450732378
8.41900900900901,4.32340331313919,3.833046204654061,4.813760421624319
8.442032032032031,4.3334350620990705,3.8433574653030047,4.823512658895137
8.465055055055055,4.343383379527319,3.85358435033474,4.833182408719899
8.488078078078079,4.35324740686373,3.8637259025219644,4.8427689112054955
8.5111011011011,4.363026285548095,3.873781170772621,4.852271400323569
8.534124124124125,4.372719157020204,3.883749210192528,4.86168910384788
8.557147147147148,4.382325162719853,3.8936290821435287,4.871021243296179
8.58017017017017,4.391843444086832,3.903419854297017,4.880267033876647
8.603193193193194,4.4012731425609335,3.913120600682913,4.8894256844389545
8.626216216216218,4.410613399581953,3.9227304017339155,4.89849639742999
8.64923923923924,4.4198633565896825,3.9322483443250493,4.907478368854316
8.672262262262262,4.429022155023912,3.941673521808427,4.916370788239396
8.695285285285287,4.4380889363244345,3.9510050340432015,4.9251728386056675
8.718308308308309,4.447062841931044,3.960241987420643,4.933883696441445
8.741331331331331,4.455943013283533,3.969383494884309,4.942502531682757
8.764354354354355,4.464728591821692,3.9784286759452936,4.951028507698091
8.787377377377378,4.473418718985318,3.9873766566924758,4.95946078127816
8.8104004004004,4.482012536214198,3.9962265697977646,4.967798502630631
8.833423423423424,4.490509184948128,4.004977554516364,4.976040815379893
8.856446446446448,4.4989078066268995,4.013628756681897,4.984186856571902
8.87946946946947,4.5072075426903035,4.0221793286965335,4.992235756684074
8.902492492492492,4.515407534578137,4.030628429515996,5.000186639640278
8.925515515515517,4.52350692373019,4.038975224629457,5.008038622830924
8.94853853853854,4.531504851586255,4.047218886034351,5.015790817138159
8.971561561561561,4.539400459586123,4.055358592206048,5.023442326966197
8.994584584584585,4.5471928891695885,4.063393528062435,5.030992250276742
9.017607607607609,4.554881281776442,4.0713228849233545,5.03843967862953
9.04063063063063,4.562464778846481,4.079145860464954,5.045783697228008
9.063653653653654,4.569942521819492,4.0868616586689175,5.053023384970066
9.086676676676678,4.577313652135273,4.094469489766634,5.0601578145039126
9.1096996996997,4.584577311233611,4.101968570178245,5.067186052288976
9.132722722722724,4.591732640554301,4.1093581224466895,5.074107158661912
9.155745745745747,4.5987787815371375,4.116637375166651,5.080920187907624
9.17876876876877,4.605714875621911,4.12380556290853,5.087624188335291
9.201791791791791,4.612540064248413,4.13086192613741,5.094218202359416
9.224814814814815,4.619253488856439,4.137805711127056,5.100701266585823
9.247837837837839,4.625854290885781,4.144636169868977,5.1070724119025845
9.27086086086086,4.632341611776228,4.151352559976589,5.1133306635758675
9.293883883883884,4.638714592967576,4.157954144584502,5.11947504135065
9.316906906906908,4.644972375899617,4.16444019224297,5.125504559556265
9.33992992992993,4.651114102012145,4.170809976807525,5.131418227216765
9.362952952952954,4.657138912744949,4.177062777323852,5.137215048166046
9.385975975975978,4.663045949537823,4.183197877907939,5.142894021167707
9.408998998999,4.66883435383056,4.189214567621514,5.148454140039606
9.432022022022021,4.6745032670629545,4.195112140342825,5.153894393783084
9.455045045045047,4.6800518306747945,4.200889894632806,5.159213766716783
9.478068068068069,4.685479186105876,4.206547133596647,5.164411238615106
9.50109109109109,4.690784474795991,4.2120831647408075,5.169485784851174
9.524114114114115,4.6959668381849315,4.217497299825527,5.174436376544336
9.547137137137138,4.701025417712489,4.2227888547128165,5.179261980712162
9.57016016016016,4.705959604945323,4.227957399336901,5.183961810553745
9.593183183183184,4.7107711132035055,4.233004829169875,5.188537397237136
9.616206206206208,4.715462915513715,4.237934303009636,5.192991528017794
9.63922922922923,4.720037997391669,4.242748995592643,5.197326999190696
9.662252252252252,4.724499344353095,4.247452084930891,5.2015466037752995
9.685275275275277,4.728849941913713,4.252046752133536,5.205653131693889
9.708298298298299,4.733092775589238,4.256536181224219,5.209649369954257
9.731321321321321,4.737230830895396,4.260923558954075,5.213538102836718
9.754344344344345,4.741267093347907,4.2652120746104245,5.217322112085389
9.777367367367368,4.745204548462493,4.269404919821151,5.221004177103836
9.80039039039039,4.749046181754874,4.2735052883547615,5.224587075154987
9.823413413413414,4.752794978740769,4.277516375916146,5.2280735815653925
9.846436436436438,4.7564539249359035,4.281441379937976,5.231466469933831
9.86945945945946,4.760026005855996,4.285283499367751,5.23476851234424
9.892482482482484,4.763514207016764,4.289045934450467,5.237982479583062
9.915505505505507,4.766921513933936,4.292731886506872,5.241111141361
9.93852852852853,4.770250912123229,4.296344557707253,5.244157266539205
9.961551551551551,4.7735053871003625,4.299887150840734,5.247123623359991
9.984574574574575,4.776687924381058,4.303362869080013,5.2500129796821025
10.007597597597599,4.779801509481041,4.306774915741508,5.252828103220574
10.03062062062062,4.7828491279160295,4.310126494040767,5.255571761791292
10.053643643643644,4.785833765201743,4.3134208068431805,5.258246723560306
10.076666666666668,4.788758406853904,4.316661056409808,5.260855757298
10.09968968968969,4.791626038388231,4.319850444138293,5.263401632638169
10.122712712712714,4.794439645320452,4.32299217029873,5.265887120342174
10.145735735735737,4.79720221316628,4.3260894337643645,5.268314992568195
10.16875875875876,4.799916727441439,4.32914543173707,5.270688023145809
10.191781781781781,4.802586173661653,4.332163359467382,5.273008987855924
10.214804804804807,4.805213537342638,4.335146409969012,5.275280664716265
10.237827827827829,4.80780180400012,4.338097773727684,5.2775058342725565
10.26085085085085,4.8103539591498174,4.341020638404111,5.279687279895524
10.283873873873874,4.81287298830745,4.343918188530963,5.281827788083937
10.306896896896898,4.815361876988741,4.346793605203651,5.283930148773832
10.32991991991992,4.81782361070941,4.349650065764707,5.285997155654113
10.352942942942944,4.820261174985179,4.352490743481599,5.288031606488758
10.375965965965968,4.82267755533177,4.3553188072177385,5.290036303445801
10.39898898898899,4.825075737264902,4.35813742109647,5.292014053433333
10.422012012012013,4.827458706300294,4.360949744157808,5.29396766844278
10.445035035035035,4.8298294479536725,4.363758930007695,5.29589996589965
10.468058058058059,4.832190947740753,4.36656812645947,5.297813769022037
10.491081081081083,4.834546191177263,4.369380475167353,5.299711907187173
10.514104104104105,4.836898163778917,4.372199111251611,5.301597216306224
10.537127127127128,4.8392498510614415,4.3750271629151545,5.303472539207728
10.56015015015015,4.841604238540553,4.377867751051219,5.305340726029887
10.583173173173174,4.843964311731976,4.380723988841902,5.30720463462205
10.606196196196198,4.84633305615143,4.383598981347119,5.30906713095574
10.62921921921922,4.848713457314634,4.386495825083759,5.31093108954551
10.652242242242243,4.851108500737313,4.389417607594636,5.31279939387999
10.675265265265265,4.853521171935186,4.392367407006893,5.3146749368634785
10.698288288288289,4.855954456423973,4.395348291579507,5.316560621268439
10.721311311311313,4.858411339719396,4.398363319239534,5.318459360199258
10.744334334334335,4.860894807337176,4.401415537106696,5.320374077567656
10.767357357357358,4.863407844793035,4.40450798100595,5.32230770858012
10.79038038038038,4.865953437602692,4.407643674967617,5.324263200237767
10.813403403403404,4.868534571281872,4.410825630714726,5.326243511849018
10.836426426426428,4.8711542313462886,4.414056847137092,5.3282516155554855
10.85944944944945,4.87381540331167,4.417340309751837,5.330290496871503
10.882472472472474,4.876521072693736,4.4206789901498365,5.332363155237635
10.905495495495495,4.879274225008204,4.424075845427734,5.334472604588673
10.92851851851852,4.882077845770796,4.427533817605165,5.336621873936427
10.951541541541543,4.8849349204972405,4.431055833026702,5.3388140079677795
10.974564564564565,4.887848434703248,4.434644801748168,5.341052067658327
10.997587587587589,4.890821373904544,4.4383036169069765,5.343339130902111
11.02061061061061,4.893856723616849,4.4420351540760254,5.345678293157672
11.043633633633634,4.896957469355884,4.445842270600863,5.348072668110905
11.066656656656658,4.900126596637375,4.4497278049197595,5.350525388354991
11.08967967967968,4.903367090977034,4.453694570043102,5.353039611910966
11.112702702702704,4.906681937890588,4.457745159449316,5.35561871633186
11.135725725725726,4.910074122893757,4.461881910294007,5.358266335493507
11.15874874874875,4.9135466315022605,4.466107141559189,5.360986121445332
11.181771771771773,4.91710244923182,4.470423170404459,5.36378172805918
11.204794794794795,4.920744561598159,4.474832313117525,5.366656810078793
11.227817817817819,4.924475954116996,4.479336886051894,5.369615022182098
11.25084084084084,4.928299612304053,4.4839392065519625,5.372660018056143
11.273863863863864,4.932218521675052,4.488641593865533,5.3757954494845714
11.296886886886888,4.93623566774571,4.493446370043827,5.379024965447593
11.31990990990991,4.940354036031749,4.498355860828933,5.382352211234566
11.342932932932934,4.9445766120489,4.503372396528548,5.385780827569252
11.365955955955958,4.94890638131287,4.508498312877752,5.389314449747989
11.38897897897898,4.953346329339386,4.513735951887637,5.392956706791135
11.412002002002003,4.9578994416441695,4.519087662680283,5.396711220608056
11.435025025025025,4.962568703742941,4.524555802309746,5.400581605176137
11.458048048048049,4.96735710115142,4.530142736568484,5.404571465734357
11.481071071071073,4.972267619385332,4.535850840778679,5.408684397991985
11.504094094094095,4.977303243960391,4.541682500567754,5.412923987353027
11.527117117117118,4.982466960392326,4.547640112627458,5.417293808157194
11.55014014014014,4.9877617541968515,4.553726085455609,5.421797422938094
11.573163163163164,4.993190610889693,4.5599428400798425,5.426438381699543
11.596186186186188,4.998756515986568,4.566292810762294,5.431220221210842
11.61920920920921,5.004462455003199,4.572778445684433,5.436146464321965
11.642232232232233,5.01031141345531,4.579402207610972,5.4412206192996475
11.665255255255255,5.016306376858616,4.586166574531867,5.446446179185364
11.688278278278279,5.022450330728843,4.593074040281358,5.451826621176327
11.711301301301303,5.028746260581713,4.600127115132934,5.457365406030491
11.734324324324325,5.035197151932938,4.607328326369112,5.463065977496765
11.757347347347348,5.041805990298247,4.614680218824949,5.468931761771545
11.78037037037037,5.04857576119336,4.622185355404023,5.474966166982698
11.803393393393394,5.0555094501339966,4.629846317565817,5.481172582702176
11.826416416416418,5.062610042635881,4.637665705783323,5.487554379488439
11.84943943943944,5.069880524214728,4.645646139969633,5.494114908459823
11.872462462462464,5.077323880386267,4.653790259872477,5.500857500900056
11.895485485485485,5.084943096666211,4.662100725435424,5.507785467896998
11.91850850850851,5.092741158570288,4.670580217124748,5.514902100015828
11.941531531531533,5.100721051614214,4.679231436220764,5.5222106670076645
11.964554554554555,5.108885761313709,4.688057105072619,5.529714417554799
11.987577577577579,5.1172382731845,4.697059967315472,5.537416579053529
12.0106006006006,5.125781572742301,4.706242788049052,5.545320357435549
12.033623623623624,5.13451864550284,4.715608353976716,5.553428937028965
12.056646646646648,5.143452476981833,4.725159473503985,5.56174548045968
12.07966966966967,5.152586052695002,4.73489897679584,5.570273128594163
12.102692692692694,5.161922358158072,4.744829715791891,5.579015000524253
12.125715715715717,5.171464378886757,4.754954564178717,5.587974193594797
12.14873873873874,5.181215100396782,4.765276417318759,5.5971537834748055
12.171761761761763,5.191177508203872,4.7757981921350865,5.606556824272657
12.194784784784785,5.2013545878237375,4.786522826951555,5.61618634869592
12.217807807807809,5.211749324772112,4.797453281287934,5.626045368256289
12.240830830830832,5.222364704564705,4.808592535609479,5.636136873519931
12.263853853853854,5.233203712717245,4.819943591030826,5.646463834403663
12.286876876876878,5.244269334745453,4.831509468973774,5.657029200517131
12.3098998998999,5.255564556165045,4.843293210778894,5.6678359015511965
12.332922922922924,5.267092362491746,4.855297877270837,5.678886847712655
12.355945945945948,5.278855739241277,4.867526548277264,5.69018493020529
12.37896896896897,5.290857671929354,4.879982310815317,5.701733033043391
12.401991991991993,5.303101146071707,4.892668192343545,5.713534099799868
12.425015015015015,5.315589147184051,4.9055872048630205,5.725591089505081
12.448038038038039,5.328324660782106,4.918742376983365,5.737906944580846
12.471061061061063,5.3413106723815975,4.9321367539260175,5.7504845908371776
12.494084084084085,5.354550167498242,4.945773397383743,5.7633269376127405
12.517107107107108,5.3680461316477635,4.959655385346367,5.77643687794916
12.54013013013013,5.381801550345883,4.9737858118926015,5.789817288799164
12.563153153153154,5.395819409108317,4.988167786948049,5.803471031268586
12.586176176176178,5.410102693450794,5.002804436009429,5.817400950892159
12.6091991991992,5.424654388889032,5.017698899835114,5.831609877942951
12.632222222222223,5.43947748093875,5.032854334102137,5.846100627775364
12.655245245245245,5.454574955115669,5.048273909029877,5.860876001201461
12.678268268268269,5.469949796935514,5.063960808970608,5.87593878490042
12.701291291291293,5.485604991914002,5.079918231967179,5.891291751860825
12.724314314314315,5.501543525566854,5.09614938927814,5.906937661855568
12.747337337337338,5.517768383409796,5.112657504870599,5.922879261948992
12.77036036036036,5.534282550958541,5.129445814881144,5.939119287035938
12.793383383383384,5.551089013728818,5.146517567045242,5.955660460412394
12.816406406406408,5.568190757236342,5.163876020095399,5.972505494377284
12.83942942942943,5.58559076699684,5.181524443128596,5.989657090865085
12.862452452452453,5.603292028526026,5.199466114943238,6.007117942108813
12.885475475475475,5.621297527339625,5.217704323346208,6.024890731333041
12.9084984984985,5.6396102489533595,5.236242364430238,6.042978133476481
12.931521521521523,5.6582331788829485,5.255083541822131,6.061382815943766
12.954544544544545,5.677169302644113,5.2742311659021635,6.080107439386062
12.977567567567569,5.696421605752573,5.293688552995074,6.099154658510073
13.000590590590592,5.715993073724053,5.313459024532961,6.118527122915144
13.023613613613614,5.735886692074268,5.333545906190479,6.138227477958057
13.046636636636638,5.756105446318946,5.3539525269926305,6.158258365645262
13.06965965965966,5.776652321973802,5.37468221839543,6.178622425552174
13.092682682682684,5.797530304554561,5.395738313339748,6.199322295769375
13.115705705705707,5.818742379576945,5.417124145278496,6.220360613875394
13.13872872872873,5.840291532556671,5.438843047177429,6.241740017935913
13.161751751751753,5.862180749009462,5.460898350489644,6.26346314752928
13.184774774774775,5.884413014451037,5.483293384103938,6.285532644798137
13.207797797797799,5.906991314397123,5.506031473267075,6.307951155527171
13.230820820820822,5.929917406129023,5.529114710245577,6.33072010201247
13.253843843843844,5.953182691162265,5.5525348256645,6.35383055666003
13.276866866866868,5.976773377403329,5.576278349508172,6.377268405298485
13.29988988988989,6.00067563380236,5.60033176459066,6.40101950301406
13.322912912912914,6.024875629309518,5.624681544236411,6.425069714382625
13.345935935935938,6.049359532874949,5.649314104027366,6.449404961722533
13.36895895895896,6.074113513448804,5.674215718334835,6.474011308562773
13.391981981981983,6.0991237399812395,5.699372627599571,6.498874852362908
13.415005005005005,6.124376381422402,5.72477106070662,6.523981702138184
13.438028028028029,6.149857606722449,5.7503972352940655,6.549317978150833
13.461051051051053,6.17555358483153,5.776237358046108,6.574869811616951
13.484074074074075,6.201450484699794,5.802277624970442,6.600623344429147
13.507097097097098,6.2275344752774,5.8285042216598155,6.6265647288949845
13.53012012012012,6.253791725514491,5.8549033235377035,6.652680127491278
13.553143143143144,6.2802084043612245,5.881461096088031,6.678955712634418
13.576166166166168,6.306770680767755,5.908163695068882,6.705377666466629
13.59918918918919,6.333464723684227,5.934997266710149,6.731932180658306
13.622212212212213,6.360276702060796,5.961947947895118,6.758605456226474
13.645235235235235,6.387192784847615,5.989001866325908,6.785383703369322
13.668258258258259,6.414199140994835,6.016145140672777,6.812253141316893
13.691281281281283,6.441281939452609,6.0433638807072905,6.839199998197928
13.714304304304305,6.468427349171085,6.070644187419306,6.866210510922865
13.737327327327328,6.495621539100421,6.097972153117834,6.893270925083008
13.76035035035035,6.522850678190763,6.125333858948672,6.920367497432855
13.783373373373374,6.550100935392266,6.152715302515513,6.94748656826902
13.806396396396398,6.577358479655082,6.1801023911736195,6.974614568136545
13.82941941941942,6.604609479929359,6.207481026556243,7.001737933302476
13.852442442442443,6.6318401051652565,6.234837110623249,7.028843099707264
13.875465465465467,6.659036524312921,6.262156546915622,7.055916501710219
13.89848848848849,6.686184906322502,6.289425241765862,7.0829445708791425
13.921511511511513,6.713271420144158,6.316629105463883,7.109913734824434
13.944534534534535,6.740282234728036,6.343754053378095,7.136810416077976
13.967557557557559,6.767203519024293,6.370786007031379,7.1636210310172075
13.990580580580582,6.794021441983074,6.397710895131422,7.190331988834726
14.013603603603604,6.820722172554535,6.424514654555166,7.216929690553904
14.036626626626628,6.847291879688827,6.451183231286753,7.243400528090901
14.05964964964965,6.873716732336104,6.477702581308661,7.269730883363547
14.082672672672674,6.899982899446514,6.504058671445465,7.295907127447563
14.105695695695697,6.926076549970213,6.530237480159824,7.321915619780601
14.12871871871872,6.951983852857348,6.556224998300169,7.347742707414526
14.151741741741743,6.977690977058078,6.582007229799673,7.373374724316483
14.174764764764765,7.003184091522546,6.607570192326008,7.398797990719084
14.197787787787789,7.0284493652009115,6.632899917881521,7.423998812520302
14.220810810810812,7.053472967043324,6.657982453353292,7.448963480733355
14.243833833833834,7.078241065999933,6.682803861012823,7.473678270987043
14.266856856856858,7.102739831020894,6.7073502189648755,7.498129443076912
14.28987987987988,7.126955431056355,6.731607621545187,7.522303240567522
14.312902902902904,7.150874035056472,6.7555621796292495,7.546185890483695
14.335925925925928,7.174481811971394,6.779199994472856,7.569763629469932
14.35894894894895,7.1977649307512745,6.8025071121257445,7.5930227493768045
14.381971971971973,7.220709560346264,6.8254695852887535,7.615949535403774
14.404994994994995,7.243301869706515,6.84807348653038,7.638530252882649
14.428018018018019,7.265528027782179,6.870304908916345,7.660751146648013
14.451041041041043,7.287374765253217,6.892150528303859,7.682599002202575
14.474064064064065,7.3088401890034,6.913608418314685,7.704071959692114
14.497087087087088,7.329932985412261,6.934687254060397,7.725178716764124
14.52011011011011,7.35066224298415,6.95539613513885,7.74592835082945
14.543133133133134,7.371037050223416,6.975744183810704,7.766329916636128
14.566156156156158,7.391066495634417,6.995740545234663,7.786392446034172
14.58917917917918,7.410759667721498,7.015394387636552,7.8061249478064445
14.612202202202203,7.430125654989014,7.034714902412445,7.825536407565582
14.635225225225227,7.449173545941313,7.053711304165878,7.844635787716747
14.658248248248249,7.46791242908275,7.072392830679485,7.863432027486015
14.681271271271273,7.4863513929176735,7.090768742821334,7.881934043014013
14.704294294294295,7.504499525950436,7.108848324386374,7.900150727514498
14.727317317317318,7.522365916685389,7.126640881873443,7.9180909514973346
14.750340340340342,7.539959653626885,7.144155744198389,7.935763563055381
14.773363363363364,7.557289825279272,7.161402262343864,7.953177388214681
14.796386386386388,7.574365520146907,7.178389808946498,7.970341231347316
14.81940940940941,7.591195826734135,7.195127777822073,7.987263875646198
14.842432432432433,7.607789833545312,7.2116255834295275,8.003954083661096
14.865455455455457,7.624156629084788,7.227892660274504,8.020420597895072
14.88847847847848,7.6403053018569125,7.243938462253287,8.036672141460539
14.911501501501503,7.656244940366039,7.25977246193796,8.052717418794119
14.934524524524525,7.67198463311652,7.275404149803591,8.06856511642945
14.957547547547549,7.6875334686127035,7.290843033398342,8.084223903827064
14.980570570570572,7.702900535358944,7.306098636457295,8.099702434260593
15.003593593593594,7.718094921859591,7.321180497960836,8.115009345758347
15.026616616616618,7.733125716618996,7.33609817113839,8.130153262099602
15.04963963963964,7.748002008141511,7.350861222418266,8.145142793864757
15.072662662662664,7.76273288493149,7.365479230324329,8.15998653953865
15.095685685685687,7.777327435493279,7.379961784320122,8.174693086666437
15.11870870870871,7.791794748331232,7.3943184836011024,8.189271013061362
15.141731731731733,7.8061439119497,7.4085589358354325,8.203728888063967
15.164754754754755,7.820384014853036,7.422692755853802,8.21807527385227
15.187777777777779,7.834524145545588,7.436729564288624,8.232318726802552
15.210800800800802,7.848573392531712,7.450678986162814,8.246467798900609
15.233823823823824,7.862540844315756,7.46455064942832,8.260531039203192
15.256846846846848,7.876435589402074,7.4783541834543845,8.274516995349762
15.27986986986987,7.890266716295015,7.4920992174654675,8.288434215124562
15.302892892892894,7.90404331349893,7.505795378928528,8.30229124806933
15.325915915915918,7.917774469518172,7.519452291889372,8.316096647146972
15.34893893893894,7.931469272857091,7.533079575257447,8.329858970456733
15.371961961961963,7.945136812020041,7.546686841038531,8.343586783001552
15.394984984984985,7.958786175511369,7.56028369251438,8.357288658508358
15.418008008008009,7.97242645183543,7.573879722368496,8.370973181302364
15.441031031031033,7.986066729496575,7.5874845107567745,8.384648948236375
15.464054054054055,7.999716096999154,7.6011076233218455,8.398324570676461
15.487077077077078,8.013383642847518,7.61475858893933,8.412008696755706
15.510100100100102,8.027078455546024,7.628446736056301,8.425710175035746
15.533123123123124,8.040809623599012,7.642181274259732,8.439437972938292
15.556146146146148,8.054586235510849,7.655971387741016,8.45320108328068
15.57916916916917,8.06841737978587,7.669826236095382,8.467008523476359
15.602192192192193,8.082312144928439,7.683754954251121,8.480869335605757
15.625215215215217,8.096279619442901,7.69776665237769,8.494792586508112
15.648238238238239,8.110328891833609,7.711870413432426,8.508787370234792
15.671261261261263,8.12446905060491,7.72607517691258,8.52286292429724
15.694284284284285,8.138709184261165,7.740389685895655,8.537028682626675
15.717307307307308,8.153058381306717,7.754822647334411,8.551294115279024
15.740330330330332,8.167525730245924,7.769382747528318,8.565668712963529
15.763353353353354,8.182120319583131,7.784078654020189,8.580161985146074
15.786376376376378,8.196851237822692,7.798919017442484,8.5947834582029
15.8093993993994,8.211727573468957,7.813912473314721,8.609542673623194
15.832422422422423,8.226758415026284,7.829067643793296,8.624449186259271
15.855445445445447,8.241952850999017,7.8443931393748985,8.639512562623135
15.87846846846847,8.257319969891507,7.85989756055468,8.654742379228333
15.901491491491493,8.27286886020811,7.875589499440083,8.670148220976138
15.924514514514515,8.288608610453176,7.891477541321153,8.685739679585199
15.947537537537539,8.304548309131054,7.907570266198157,8.70152635206395
15.970560560560562,8.3206970447461,7.923876250267016,8.717517839225183
15.993583583583584,8.33706390580266,7.940404067363083,8.733723744242237
16.016606606606608,8.353657980805089,7.9571622903636365,8.750153671246542
16.03962962962963,8.370488358257735,7.974159492549331,8.766817223966138
16.062652652652652,8.387564126664952,7.99140424892477,8.783724004405133
16.085675675675677,8.4048943745311,8.008905137498212,8.800883611563988
16.1086986986987,8.4224881903605109,8.02667074052034,8.818305640200682
16.131721721721725,8.440354662657553,8.044709645682051,8.835999679633055
16.154744744744747,8.458502879926568,8.063030447270796,8.85397531258234
16.17776776776777,8.47694183485352,8.081641651466969,8.87224201824007
16.20079079079079,8.495674935481912,8.100546188592489,8.890803682371335
16.223813813813813,8.514697026923086,8.119738435851204,8.909655617994968
16.246836836836838,8.534002228485626,8.13921205544528,8.928792401525973
16.26985985985986,8.553584659478112,8.158960721321199,8.948208597635025
16.292882882882886,8.573438439209141,8.17897812006866,8.967898758349623
16.315905905905908,8.59355768698728,8.199257951774275,8.987857422200285
16.33892892892893,8.613936522121126,8.219793930829553,9.008079113412698
16.36195195195195,8.63456906391926,8.24057978669215,9.02855834114637
16.384974974974977,8.655449431690274,8.261609264599798,9.04928959878075
16.407997997998,8.676571744742743,8.282876126235957,9.07026736324953
16.431021021021024,8.697930122385259,8.304374150346506,9.091486094424011
16.454044044044046,8.7195186839264,8.326097133306574,9.112940234546228
16.47706706706707,8.74133154867476,8.348038889636754,9.134624207712765
16.50009009009009,8.763362835938917,8.370193252467931,9.156532419409903
16.523113113113112,8.785606665027457,8.392554073953937,9.178659256100977
16.546136136136138,8.808057155248976,8.415115225631357,9.200999084866595
16.56915915915916,8.830708425912041,8.437870598725718,9.223546253098364
16.592182182182185,8.853554596325251,8.460814104403555,9.246295088246947
16.615205205205207,8.876589785797183,8.483939673969584,9.269239897624782
16.63822822822823,8.899808113636421,8.50724125900859,9.292374968264253
16.66125125125125,8.92320369915156,8.530712831471467,9.315694566831654
16.684274274274273,8.946770661651174,8.554348383704966,9.339192939597382
16.7072972972973,8.970503120443858,8.578141928424891,9.362864312462825
16.730320320320324,8.99439519483819,8.602087498632292,9.38670289104409
16.753343343343346,9.018441004142757,8.626179147472582,9.41070286081293
16.776366366366368,9.042634667666139,8.650410948037306,9.434858387294971
16.79938938938939,9.06697030471693,8.674776993108532,9.459163616325329
16.82241241241241,9.091442034603707,8.699271394845775,9.48361267436164
16.845435435435437,9.11604397663507,8.723888284415617,9.508199668854521
16.86845845845846,9.140770250119584,8.74862181156394,9.532918688675228
16.891481481481485,9.165614974365845,8.773466144131191,9.557763804600498
16.914504504504507,9.190572268682436,8.79841546751069,9.582729069854182
16.93752752752753,9.21563625237794,8.823463984050385,9.607808520705497
16.96055055055055,9.240801044760943,8.8486059123984,9.632996177123486
16.983573573573572,9.266060765140033,8.873835486792744,9.65828604348732
17.006596596596598,9.291409532823797,8.899146956295606,9.683672109351988
17.02961961961962,9.31684146712081,8.924534583972724,9.709148350268896
17.052642642642645,9.34235068733967,8.949992646018424,9.734708728660914
17.075665665665667,9.367931312788949,8.975515430826682,9.760347194751215
17.09868868868869,9.393577462777241,9.001097238008999,9.786057687545483
17.12171171171171,9.419283256613125,9.026732377359455,9.811834135866796
17.144734734734737,9.445042813605196,9.052415167767718,9.837670459442675
17.16775775775776,9.470850253062025,9.078139936080433,9.863560570043617
17.190780780780784,9.496699694292207,9.103901015911763,9.889498372672652
17.213803803803806,9.522585256604327,9.129692746403483,9.91547776680517
17.236826826826828,9.548501059306963,9.155509470491241,9.941492648122685
17.25984984984985,9.574441221708703,9.181345498683505,9.9675369447339
17.282872872872872,9.600399863118136,9.20719508282865,9.993604643407624
17.305895895895897,9.626371102843846,9.233052469929824,10.019689735757868
17.32891891891892,9.652349060194412,9.258911907395039,10.045786212993786
17.351941941941945,9.678327854478432,9.284767642326939,10.071888066629926
17.374964964964967,9.704301605004474,9.31061392078148,10.097989289227469
17.39798798798799,9.730264431081133,9.336444986995913,10.124083875166354
17.42101101101101,9.75621045201699,9.362255082586115,10.150165821447866
17.444034034034033,9.782133787120639,9.38803844571367,10.176229128527607
17.46705705705706,9.808028555700657,9.413789310222796,10.202267801178518
17.490080080080084,9.83388887706563,9.43950190474743,10.22827584938383
17.513103103103106,9.859708870524143,9.465170451788646,10.25424728925964
17.536126126126128,9.885482655384777,9.490789166762594,10.28017614400696
17.55914914914915,9.911204350956126,9.516352257019243,10.30605644489301
17.58217217217217,9.936868076546771,9.541853920832029,10.331882232261513
17.605195195195197,9.962467951465298,9.567288346358719,10.357647556571877
17.62821821821822,9.987998095020284,9.592649701858361,10.383346488182207
17.651241241241244,10.013452626520326,9.617932077194459,10.408973175846194
17.674264264264266,10.038825665274006,9.64312951923858,10.434521811309432
17.69728728728729,10.064111330589899,9.668236062037296,10.459986599142502
17.72031031031031,10.089303741776604,9.69324572688136,10.485361756671848
17.743333333333332,10.11439715914634,9.71815266320409,10.510641655088591
17.766356356356358,10.139389367125396,9.742954531572353,10.53582420267844
17.78937937937938,10.164281837835208,9.767652667134087,10.56091100853633
17.812402402402405,10.189076217138227,9.792248565516768,10.585903868759686
17.835425425425427,10.2137741508969,9.81674370869952,10.61080459309428
17.85844844844845,10.238377284973657,9.841139533512026,10.635615036435288
17.88147147147147,10.262887265230953,9.86543740007111,10.660337130390795
17.904494494494493,10.287305737531232,9.889638649152461,10.684972825910004
17.92751751751752,10.311634347736945,9.913744610774355,10.709524084699535
17.950540540540544,10.335874741710525,9.937756605040304,10.733992878380745
17.973563563563566,10.360028565314417,9.961675942965293,10.758381187663542
17.996586586586588,10.38409746441107,9.985503926897856,10.782691001924285
18.01960960960961,10.408083084862927,10.009241818180493,10.80692435154536
18.042632632632632,10.43198707253243,10.03289081350116,10.831083331563699
18.065655655655657,10.45581107328203,10.056452100254974,10.855170046309086
18.08867867867868,10.479556732974165,10.079926864270208,10.879186601678123
18.111701701701705,10.503225697471281,10.103316291447657,10.903135103494906
18.134724724724727,10.526819612635819,10.12662156935986,10.927017655911778
18.15774774774775,10.55034012433023,10.14984388880967,10.95083635985079
18.18077077077077,10.57378887841695,10.172984445347499,10.974593311486402
18.203793793793793,10.59716752075843,10.196044440746626,10.998290600770236
18.226816816816818,10.620477697217119,10.219025084435733,11.021930309998504
18.249839839839844,10.64372105365545,10.24192759488792,11.045514512422978
18.272862862862866,10.666899235935873,10.264753200965343,11.069045270906402
18.295885885885887,10.690013889920825,10.287503143218558,11.092524636623093
18.31890890890891,10.71306666147276,10.310178675139728,11.115954647805793
18.34193193193193,10.736059196454121,10.332781064368678,11.139337328539565
18.364954954954957,10.758993140727352,10.355311593850928,11.162674687603776
18.38797797797798,10.781870140154892,10.377771562946753,11.18596871736303
18.411001001001,10.804691840599187,10.400162288490366,11.209221392708008
18.434024024024026,10.827459887922686,10.422485105798282,11.23243467004709
18.45704704704705,10.850175927987829,10.444741369626046,11.255610486349612
18.48007007007007,10.872841606657065,10.466932455072492,11.278750758241639
18.503093093093096,10.895458569792835,10.489059758430756,11.301857381154914
18.526116116116118,10.91802846325758,10.511124697985354,11.324932228529805
18.54913913913914,10.940552932913747,10.533128714754675,11.347977151072818
18.572162162162165,10.963033624623783,10.555073273178339,11.370993976069228
18.595185185185187,10.985472184250126,10.576959861748929,11.393984506751323
18.61820820820821,11.007870257655227,10.598789993587788,11.416950521722667
18.64123123123123,11.030229490701528,10.620565206964493,11.439893774438563
18.664254254254256,11.052551529251476,10.642287065759941,11.46281599274301
18.68727727727728,11.074838019167506,10.663957159872888,11.485718878462125
18.7103003003003,11.097090606312072,10.685577105570099,11.508604107054046
18.733323323323326,11.119310936547617,10.707148545780141,11.531473327315092
18.756346346346348,11.14150065573658,10.728673150331192,11.554328161141969
18.77936936936937,11.163661409741408,10.75015261613326,11.577170203349556
18.802392392392395,11.18579484442455,10.771588667305268,11.60000102154383
18.825415415415417,11.20790260564844,10.792983055247674,11.622822156049207
18.84843843843844,11.229986339275532,10.814337558661412,11.645635119889652
18.87146146146146,11.252047691168263,10.835653983513902,11.668441398822624
18.894484484484487,11.274088307189087,10.85693416295322,11.691242451424955
18.91750750750751,11.29610983320044,10.878179957171378,11.714039709229501
18.94053053053053,11.318113915064764,10.899393253217978,11.73683457691155
18.963553553553556,11.340102198644514,10.92057596476544,11.759628432523588
18.986576576576578,11.362076329802125,10.941730031827113,11.782422627777137
19.0095995995996,11.384037954400043,10.962857420429783,11.805218488370302
19.032622622622625,11.405988718300717,10.983960122241983,11.828017314359451
19.055645645645647,11.427930267366586,11.00504015415966,11.850820380573511
19.07866866866867,11.449864247460097,11.026099557850852,11.873628937069341
19.10169169169169,11.471792304443692,11.047140399260943,11.896444209626441
19.124714714714717,11.49371608417982,11.068164768080262,11.919267400279377
19.14773773773774,11.515637232530917,11.089174777175627,11.942099687886207
19.17076076076076,11.537557395359435,11.11017256198767,11.964942228731202
19.193783783783786,11.559478218527818,11.131160279895564,11.987796157160073
19.216806806806808,11.581401347898506,11.152140109550958,12.010662586246054
19.23982982982983,11.603328429333947,11.1731142501828,12.033542608485094
19.262852852852856,11.625261108696582,11.194084920874758,12.056437296518407
19.285875875875877,11.647201031848857,11.2150543598169,12.079347703880813
19.3088988988989,11.669149844653214,11.23602482353328,12.102274865773149
19.331921921921925,11.691109192972105,11.25699858608704,12.12521979985717
19.354944944944947,11.713080722667966,11.277977938264504,12.148183507071428
19.37796796796797,11.73506607960324,11.298965186739856,12.171166972466622
19.40099099099099,11.757066909640379,11.319962653221767,12.194171166058991
19.424014014014016,11.779084858641827,11.340972673583284,12.21719704370037
19.44703703703704,11.80112157247002,11.361997596976375,12.240245547963665
19.47006006006006,11.823178696987407,11.383039784932244,12.26331760904257
19.493083083083086,11.845257878056438,11.404101610448583,12.286414145664294
19.516106106106108,11.867360640270732,11.425185335795943,12.309535944745521
19.53912912912913,11.88948744504613,11.44629216967289,12.33268272041937
19.562152152152155,11.911638203098166,11.467422778737355,12.355853627458977
19.585175175175177,11.933812820492404,11.488577832701344,12.379047808283465
19.6081981981982,11.956011203294437,11.509758008016503,12.402264398572372
19.63122122122122,11.978233257569844,11.530963986901382,12.425502528238306
19.654244244244246,12.000478889384212,11.552196456360965,12.448761322407458
19.67726726726727,12.022748004803114,11.57345610719871,12.472039902407518
19.70029029029029,12.045040509892138,11.594743633021483,12.495337386762792
19.723313313313316,12.067356310716866,11.61605972923742,12.518652892196311
19.746336336336338,12.089695313342876,11.637405092046853,12.541985534638899
19.76935935935936,12.11205742383575,11.658780417426264,12.565334430245237
19.792382382382385,12.134442548261077,11.680186400105082,12.588698696417072
19.815405405405407,12.156850592684428,11.701623732535076,12.61207745283378
19.83842842842843,12.179281463171392,11.7230931038521,12.635469822490684
19.86145145145145,12.201735065787545,11.74459519882961,12.658874932745482
19.884474474474477,12.224211306598484,11.76613069682357,12.682291916373398
19.9074974974975,12.24671009166977,11.787700270707946,12.705719912631595
19.93052052052052,12.269231327066999,11.809304585799216,12.729158068334781
19.953543543543546,12.29177491885575,11.830944197090703,12.752605640620798
19.976566566566568,12.314340773101598,11.852619265932,12.776062280271196
19.99958958958959,12.336928795870135,11.874329844725814,12.799527747014455
20.022612612612615,12.359538893226938,11.89607596567679,12.823001820777087
20.045635635635637,12.38217097123759,11.91785764169035,12.84648430078483
20.06865865865866,12.404824935967667,11.93967486724444,12.869975004690895
20.09168168168168,12.427500693482754,11.961527619234973,12.893473767730535
20.114704704704707,12.450198149848445,11.983415857795631,12.91698044190126
20.13772772772773,12.472917211130305,12.005339527092806,12.940494895167804
20.16075075075075,12.495657783393922,12.02729855609646,12.964017010691384
20.183773773773776,12.518419772704881,12.049292859327497,12.987546686082265
20.206796796796798,12.541203085128757,12.07132233758246,13.011083832675054
20.22981981981982,12.564007626731136,12.09338687863626,13.034628374826013
20.252842842842846,12.586833303577603,12.11548635792355,13.058180249231656
20.275865865865867,12.609680021733732,12.137620639199486,13.081739404267978
20.29888888888889,12.632547687265115,12.159789575180517,13.105305799349713
20.321911911911915,12.655436206237326,12.18199300816582,13.128879404308831
20.344934934934937,12.678345484715944,12.204230770640033,13.152460198791855
20.36795795795796,12.701275428766563,12.226502685857918,13.176048171675207
20.39098098098098,12.724225944454751,12.248808568411413,13.19964332049809
20.414004004004006,12.747196937846104,12.27114822477982,13.223245650912387
20.437027027027028,12.770188315006187,12.293521453863523,13.246855176148852
20.46005005005005,12.7931999820006,12.31592804750187,13.270471916499329
20.483073073073076,12.816231844894915,12.338367790975608,13.294095898814222
20.506096096096098,12.83928380975471,12.36084046349449,13.317727156014929
20.52911911911912,12.862355782645572,12.383345838670422,13.341365726620722
20.552142142142145,12.885447669633091,12.405883684976654,13.365011654289528
20.575165165165167,12.908559376782831,12.42845376619333,13.388664987372332
20.59818818818819,12.931690810160385,12.451055841840033,13.412325778480737
20.62121121121121,12.954841875831333,12.473689667595428,13.435994084067238
20.644234234234236,12.978012479861261,12.496354995704612,13.45966996401791
20.66725725725726,13.001202528315746,12.519051575374329,13.483353481257163
20.69028028028028,13.024411927260369,12.541779153156597,13.50704470136414
20.713303303303306,13.04764058276072,12.564537473320835,13.530743692200604
20.736326326326328,13.070888400882364,12.587326278214938,13.55445052354979
20.75934934934935,13.094155287690892,12.610145308615575,13.57816526676621
20.782372372372375,13.1174411492519,12.632994304067914,13.601887994435884
20.805395395395397,13.14074589163095,12.655873003215005,13.625618780046894
20.82841841841842,13.164069420893627,12.678781144117236,13.649357697670018
20.85144144144144,13.187411643105516,12.701718464561855,13.673104821649178
20.874464464464467,13.21077246433221,12.724684702362918,13.696860226301503
20.89748748748749,13.234151790639272,12.747679595651757,13.720623985626787
20.92051051051051,13.257549528092294,12.770702883158323,13.744396173026265
20.943533533533536,13.28096558275686,12.793754304483327,13.768176861030392
20.966556556556558,13.304399860698542,12.816833600361539,13.791966121035545
20.98957957957958,13.327852267982927,12.839940512916339,13.815764023049514
21.012602602602605,13.351322710675602,12.863074785905596,13.839570635445607
21.035625625625627,13.374811094842144,12.886236164959064,13.863386024725225
21.05864864864865,13.398317326548131,12.909424397807413,13.88721025528885
21.081671671671675,13.421841311859158,12.932639234502995,13.91104338921532
21.104694694694697,13.445382956840785,12.955880427632373,13.934885486049197
21.12771771771772,13.468942167558613,12.97914773252089,13.958736602596336
21.15074074074074,13.492518850078218,13.002440907429103,13.982596792727334
21.173763763763766,13.516112910465186,13.025759713741389,14.006466107188983
21.196786786786788,13.539724254785085,13.049103916146663,14.030344593423507
21.21980980980981,13.563352789103515,13.072473282811359,14.054232295395671
21.242832832832836,13.586998419486045,13.095867585544575,14.078129253427516
21.265855855855857,13.610661051998257,13.119286599955641,14.102035504040872
21.28887887887888,13.63434059270574,13.142730105604024,14.125951079807457
21.311901901901905,13.658036947674077,13.166197886141603,14.149876009206551
21.334924924924927,13.681750022968838,13.189689729447416,14.173810316490261
21.35794794794795,13.705479724655618,13.213205427754925,14.19775402155631
21.38097097097097,13.729225958799987,13.236744777771683,14.22170713982829
21.403993993993996,13.75298863146754,13.260307580791658,14.245669682143422
21.427017017017018,13.77676764872385,13.283893642799978,14.269641654647721
21.45004004004004,13.800562916634497,13.30750277457037,14.293623058698625
21.473063063063066,13.824374341265072,13.331134791755101,14.317613890775043
21.496086086086088,13.848201828681145,13.35478951496754,14.341614142394748
21.51910910910911,13.872045284948307,13.378466769857386,14.365623800039227
21.542132132132135,13.895904616132135,13.402166387178413,14.389642845085858
21.565155155155157,13.919779728298217,13.425888202848963,14.41367125374747
21.58817817817818,13.943670527512129,13.449632058004983,14.437708997019275
21.6112012012012,13.967576919839452,13.473397799045776,14.461756040633128
21.634224224224226,13.991498811345775,13.497185277672354,14.485812345019195
21.65724724724725,14.015436108096672,13.520994350918457,14.509877865274888
21.68027027027027,14.039388716157726,13.544824881174224,14.533952551141228
21.703293293293296,14.063356541594526,13.568676736202532,14.55803634698652
21.726316316316318,14.087339490472647,13.592549789147972,14.582129191797323
21.74933933933934,14.11133746885767,13.616443918538486,14.606231019176853
21.772362362362365,14.135350382815183,13.640359008279697,14.630341757350669
21.795385385385387,14.159378138410762,13.6642949476418,14.654461329179725
21.81840840840841,14.183420641709994,13.688251631239236,14.67858965218075
21.841431431431435,14.207477798778458,13.712228959002932,14.702726638553983
21.864454454454457,14.231549515681731,13.736226836145196,14.726872195218267
21.88747747747748,14.2556356984854,13.76024517311731,14.751026223853488
21.9105005005005,14.279736253255052,13.784283885559748,14.775188620950356
21.933523523523526,14.30385108605626,13.80834289424499,14.79935927786753
21.956546546546548,14.327980102954609,13.832422125013068,14.82353808089615
21.97956956956957,14.35212321001568,13.856521508699654,14.847724911331706
22.002592592592595,14.376280313305063,13.880640981056862,14.871919645553264
22.025615615615617,14.400451318888324,13.904780482666567,14.896122155110081
22.04863863863864,14.424636132831054,13.92893995884648,14.920332306815629
22.071661661661665,14.448834661198841,13.953119359548703,14.94454996284898
22.094684684684687,14.473046810057255,13.977318639250928,14.968774980863582
22.11770770770771,14.497272485471887,14.001537756840241,14.993007214103534
22.14073073073073,14.521511593508308,14.02577667548946,15.017246511527155
22.163753753753756,14.54576404023212,14.050035362526085,15.041492717938155
22.186776776776778,14.570029731708878,14.07431378929367,15.065745674124086
22.2097997997998,14.594308574004183,14.098611931005891,15.090005217002474
22.232822822822826,14.618600473183612,14.122929766592916,15.114271179774308
22.255845845845847,14.642905335312747,14.147267278540413,15.138543392085081
22.27886886886887,14.667223066457169,14.171624452720861,15.162821680193476
22.301891891891895,14.691553572682459,14.196001278217391,15.187105867147526
22.324914914914917,14.7158967600542,14.220397747139916,15.211395772968483
22.34793793793794,14.740252534637971,14.24481385443363,15.235691214842312
22.37096096096096,14.764620802499358,14.269249597679803,15.259992007318914
22.393983983983986,14.78900146970394,14.293704976888819,15.284297962519062
22.417007007007008,14.813394442317307,14.318179994285387,15.308608890349227
22.44003003003003,14.837799626405026,14.342674654085892,15.33292459872416
22.463053053053056,14.86221692803269,14.367188962267846,15.357244893797535
22.486076076076078,14.88664625326588,14.391722926331312,15.381569580200448
22.5090990990991,14.911087508170173,14.416276555052262,15.405898461288084
22.532122122122125,14.935540598811151,14.440849858227772,15.430231339394531
22.555145145145147,14.960005431254402,14.465442846413016,15.454568016095788
22.57816816816817,14.9844819115655,14.4900555306499,15.478908292481098
22.60119119119119,15.008969945810032,14.514687922187239,15.503251969432824
22.624214214214216,15.033469440053583,14.539340032192467,15.5275988479147
22.64723723723724,15.05798030036173,14.564011871454571,15.55194872926889
22.67026026026026,15.082502432800052,14.588703450078402,15.576301415521701
22.693283283283286,15.107035743434137,14.613414777169933,15.600656709698342
22.716306306306308,15.131580138329564,14.638145860512557,15.625014416146572
22.73932932932933,15.156135523551912,14.66289670623414,15.649374340869684
22.762352352352355,15.18070180516677,14.687667318464735,15.673736291868805
22.785375375375377,15.205278889239711,14.71245769898479,15.698100079494631
22.8083983983984,15.229866681836324,14.73726784686366,15.722465516808988
22.831421421421425,15.254465089022194,14.76209775808822,15.746832419956167
22.854444444444447,15.27907401686289,14.786947425181427,15.771200608544351
22.87746746746747,15.303693371424,14.811816836810623,15.795569906037377
22.90049049049049,15.328323058771112,14.836705977385355,15.819940140156868
22.923513513513516,15.3529629849698,14.861614826644484,15.844311143295116
22.946536536536538,15.377613056085647,14.886543359232371,15.868682752938922
22.96955955955956,15.402273178184238,14.911491544263924,15.893054812104552
22.992582582582585,15.426943257331157,14.936459344878214,15.9174271697841
23.015605605605607,15.451623199591978,14.961446717780415,15.941799681403541
23.03862862862863,15.476312911032284,14.986453612771863,15.966172209292706
23.061651651651655,15.501012297717669,15.011479972267896,15.990544623167441
23.084674674674677,15.525721265713699,15.036525730803175,16.014916800624224
23.1076976976977,15.550439721085962,15.061590814524347,16.039288627647576
23.13072072072072,15.575167569900042,15.086675140669598,16.063659999130486
23.153743743743746,15.599904718221525,15.111778617034863,16.088030819408186
23.176766766766768,15.624651072115977,15.136901141426387,16.112401002805566
23.19978978978979,15.649406537648996,15.16204260109942,16.13677047419857
23.222812812812816,15.674171020886158,15.187202872182562,16.161139169589752
23.245835835835837,15.698944427893043,15.212381819087595,16.185507036698493
23.26885885885886,15.723726664735235,15.23757929390449,16.20987403556598
23.291881881881885,15.748517637478315,15.262795135781163,16.234240139175466
23.314904904904907,15.773317252187866,15.28802917028786,16.25860533408787
23.33792792792793,15.798125414929466,15.313281208765702,16.28296962109323
23.36095095095095,15.8229420317687,15.338551047659228,16.30733301587817
23.383973973973976,15.847767008771154,15.36383846783264,16.331695549709668
23.406996996996998,15.872600252002403,15.389143233869373,16.356057270135434
23.43002002002002,15.89744166752803,15.414465093354917,16.380418241701143
23.453043043043046,15.92229116141362,15.439803776142583,16.404778546684657
23.476066066066068,15.947148639724752,15.46515899360194,16.429138285847564
23.49908908908909,15.972014008527012,15.490530437849872,16.45349757920415
23.522112112112115,15.99688717388598,15.515917780964019,16.477856566807944
23.545135135135137,16.02176804186723,15.541320674178536,16.502215409555923
23.56815815815816,16.046656518536352,15.566738747062105,16.5265742900106
23.591181181181184,16.07155250995893,15.59217160667812,16.55093341323974
23.614204204204206,16.09645592220054,15.617618836727086,16.575293007673995
23.63722722722723,16.121366661326764,15.643079996671458,16.59965332598207
23.66025025025025,16.146284633403184,15.668554620842826,16.62401464596354
23.683273273273276,16.171209744495393,15.694042217531846,16.648377271458937
23.706296296296298,16.196141900668955,15.719542268061206,16.672741533276707
23.72931931931932,16.22108100798946,15.745054225841935,16.697107790136986
23.752342342342345,16.2460269725225,15.770577515413622,16.721476429631377
23.775365365365367,16.27097970033364,15.796111531469062,16.74584786919822
23.79838838838839,16.295939097488468,15.82165563786417,16.770222557112763
23.821411411411415,16.320905070052575,15.847209166613835,16.794600973491317
23.844434434434437,16.345877524091524,15.872771416874775,16.81898363130827
23.86745745745746,16.37085636567091,15.898341653916605,16.843371077425218
23.89048048048048,16.395841500856314,15.923919108082186,16.867763893630443
23.913503503503506,16.42083283571332,15.949502973738882,16.89216269768776
23.936526526526528,16.445830276307497,15.975092408222343,16.916568144392652
23.95954954954955,16.470833728704438,16.000686530774647,16.94098092663423
23.982572572572575,16.49584309896973,16.026284421478778,16.96540177646068
24.005595595595597,16.520858293168942,16.05188512019182,16.989831466146065
24.02861861861862,16.54587921736766,16.077487625479435,17.014270809255883
24.051641641641645,16.570905777631474,16.103090893554235,17.038720661708712
24.074664664664667,16.595937880025954,16.12869383722122,17.063181922830687
24.09768768768769,16.62097543061669,16.154295324833647,17.08765553639973
24.12071071071071,16.646018335469254,16.179894179262732,17.112142491675776
24.143733733733736,16.67106650064924,16.205489176885443,17.136643824413035
24.166756756756758,16.696119832222223,16.231079046594346,17.1611606178501
24.18977977977978,16.721178236253785,16.25666246883413,17.18569400367344
24.212802802802806,16.746241618809513,16.282238074669916,17.21024516294911
24.235825825825827,16.771309885954985,16.307804444892298,17.23481532701767
24.25884884884885,16.79638294375578,16.333360109164925,17.259405778346636
24.281871871871875,16.821460698277487,16.358903545220464,17.28401785133451
24.304894894894897,16.846543055585677,16.384433178111205,17.30865293306015
24.32791791791792,16.87162992174594,16.409947379521057,17.33331246397082
24.350940940940944,16.896721202823862,16.43544446714569,17.357997938502034
24.373963963963966,16.921816804885015,16.460922704148174,17.382710905621856
24.396986986986988,16.94691663399498,16.48638029869778,17.40745296929218
24.42001001001001,16.972020596219348,16.511815395643893,17.432225796794803
24.443033033033036,16.997128597623703,16.537225838824813,17.457031356422593
24.466056056056058,17.02224054427361,16.562609166449793,17.48187192209743
24.48907907907908,17.047356342234668,16.58796291878976,17.506749765679576
24.512102102102105,17.072475897572453,16.61328466105423,17.531667134090675
24.535125125125127,17.09759911635254,16.638571988305696,17.556626244399386
24.55814814814815,17.122725904640518,16.663822530394665,17.58162927888637
24.581171171171174,17.14785616850197,16.68903395690151,17.60667838010243
24.604194194194196,17.172989814002477,16.71420398206971,17.631775645935246
24.62721721721722,17.198126747207617,16.739330369714008,17.656923124701226
24.65024024024024,17.223266874182972,16.764410938085756,17.682122810280188
24.673263263263266,17.248410100994132,16.789443564676684,17.70737663731158
24.696286286286288,17.27355633370667,16.81442619094156,17.732686476471777
24.71930930930931,17.298705478386168,16.839356826919612,17.758054129852724
24.742332332332335,17.323857441098216,16.86423355573388,17.783481326462553
24.765355355355357,17.349012127908388,16.88905453794751,17.808969717869267
24.78837837837838,17.374169444882266,16.913818015756164,17.83452087400837
24.811401401401405,17.399329298085437,16.93852231699551,17.860136279175364
24.834424424424427,17.42449159358348,16.96316585894337,17.885817328223588
24.85744744744745,17.449656237441975,16.98774715189705,17.9115653229869
24.88047047047047,17.474823135726503,17.01226480250666,17.937381468946345
24.903493493493496,17.499992194502656,17.036717516846984,17.96326687215833
24.926516516516518,17.525163319836004,17.061104103211395,17.989222536460613
24.94953953953954,17.550336417792135,17.085423474613254,18.015249360971016
24.972562562562565,17.575511394436624,17.109674650981542,18.041348137891706
24.995585585585587,17.600688155835062,17.133856761039937,18.067519550630188
25.01860860860861,17.625866608053027,17.15796904386024,18.093764172245812
25.041631631631635,17.6510466571561,17.182010850083408,18.120082464228794
25.064654654654657,17.676228209209867,17.20598164280376,18.146474775615975
25.08767767767768,17.7014111702799,17.229880998114304,18.172941342445498
25.1107007007007,17.726595446431787,17.25370860531335,18.199482287550225
25.133723723723726,17.75178094373112,17.27746426677515,18.22609762068709
25.156746746746748,17.77696756824346,17.301147897489393,18.252787238997527
25.17976976976977,17.802155226034404,17.324759524277017,18.279550927791792
25.202792792792795,17.827343823169528,17.348299284691304,18.306388361647752
25.225815815815817,17.852533265714417,17.371767425616014,18.33329910581282
25.24883883883884,17.877723459734653,17.39516430157347,18.360282617895837
25.271861861861865,17.902914311295813,17.418490372757695,18.38733824983393
25.294884884884887,17.928105726463482,17.441746202808808,18.414465250118155
25.31790790790791,17.953297611303242,17.46493245634649,18.441662766259995
25.340930930930934,17.97848987188068,17.488049896281115,18.468929847480243
25.363953953953956,18.003682414261366,17.511099380922058,18.496265447600674
25.386976976976978,18.028875144510888,17.534081860903505,18.52366842811827
25.41,18.054067968694827,17.55699837594807,18.551137561441585
