rt_source,rt_target_predicted,ci_lower,ci_upper
2.34,1.1854351651448494,0.8729074393691683,1.4979628909205305
2.3627527527527525,1.197865928007768,0.8900532931535359,1.505678562862
2.385505505505505,1.2103816808801804,0.9069101449862862,1.5138532167740746
2.4082582582582583,1.2230674137715816,0.9235410621653092,1.522593765377854
2.431011011011011,1.2360081166914658,0.9400139649316903,1.5320022684512413
2.4537637637637637,1.2492887796493273,0.9564021065763257,1.5421754527223288
2.4765165165165164,1.2629943926546603,0.9727844517961302,1.5532043335131904
2.499269269269269,1.2772099457169586,0.9892459253890299,1.5651739660448873
2.5220220220220217,1.292020428845717,1.005877509503124,1.5781633481883102
2.5447747747747744,1.30751083205043,1.0227761757296152,1.592245488371245
2.5675275275275276,1.3237661453405924,1.040044572985277,1.607487717695908
2.5902802802802802,1.340746639109947,1.057666088960936,1.623827189258958
2.613033033033033,1.3574718441132643,1.074688750306941,1.6402549379195874
2.6357857857857856,1.372544514303366,1.0897486004616361,1.655340428145096
2.6585385385385383,1.3852189599102394,1.1021370375410826,1.668300882279396
2.6812912912912914,1.3957137454073894,1.112112245313022,1.6793152455017566
2.704044044044044,1.404324902098935,1.1200108057811882,1.6886389984166819
2.7267967967967968,1.4113484612889935,1.1261686036469496,1.6965283189310374
2.7495495495495494,1.4170804542816824,1.1309203495171352,1.7032405590462296
2.772302302302302,1.4218169123811222,1.1345992464682264,1.709034578294018
2.795055055055055,1.4258538668914287,1.1375366200826043,1.714171113700253
2.8178078078078075,1.4294873491167206,1.14006159955947,1.7189130986739711
2.8405605605605606,1.4329769423315317,1.1424643934324545,1.723489491230609
2.8633133133133133,1.43638727384456,1.1448375382515414,1.7279370094375786
2.886066066066066,1.4397180572894976,1.1472057199814405,1.7322303945975548
2.9088188188188187,1.442968962122136,1.1495898864321474,1.7363480378121245
2.9315715715715713,1.446139657798264,1.15200379704552,1.740275518551008
2.9543243243243245,1.4492298137736737,1.1544558667584721,1.7440037607888752
2.9770770770770767,1.452239099504154,1.156950827387542,1.7475273716207662
2.99982982982983,1.4551671844454948,1.1594899288658063,1.7508444400251832
3.0225825825825825,1.4580137380534892,1.162071109256067,1.7539563668509115
3.045335335335335,1.460778429783926,1.1646891395386674,1.7568677200291845
3.068088088088088,1.463460929092595,1.1673357453044995,1.7595861128806907
3.0908408408408405,1.4660609054352882,1.1699997083123752,1.7621221025582012
3.1135935935935937,1.4685780282677952,1.1726667623478395,1.7644892941877508
3.1363463463463463,1.4710119670459056,1.1753171617681737,1.7667067723236376
3.159099099099099,1.4733623912254115,1.1779271050376827,1.7687976774131402
3.1818518518518517,1.4756289702621026,1.1804715029255444,1.7707864375986608
3.2046046046046044,1.477811373611769,1.1829244783771222,1.772698268846416
3.2273573573573575,1.4799092707302013,1.1852598003927457,1.7745587410676569
3.2501101101101098,1.481922331073191,1.1874513138931913,1.7763933482531908
3.272862862862863,1.4838502240965268,1.1894733653539207,1.7782270828391329
3.2956156156156156,1.485692619256,1.1913012219159131,1.780084016596087
3.3183683683683682,1.4874491860074013,1.1929114797015812,1.7819868923132214
3.341121121121121,1.4891195938065205,1.1942824553024662,1.7839567323105747
3.3638738738738736,1.4907035121091485,1.1953945530028256,1.7860124712154715
3.3866266266266267,1.4922006103710759,1.1962305993939224,1.7881706213482293
3.409379379379379,1.4936105580480925,1.1967761367344203,1.7904449793617647
3.432132132132132,1.4949330272051995,1.197019669404661,1.792846385005738
3.4548848848848848,1.4961690231319145,1.197019669404661,1.795383864598247
3.4776376376376374,1.4973230526812922,1.197019669404661,1.798066677047495
3.5003903903903906,1.4984001906555895,1.197019669404661,1.8009015043565735
3.523143143143143,1.4994055118570662,1.197019669404661,1.8038923087840926
3.545895895895896,1.50034409108798,1.197019669404661,1.8070409250449777
3.5686486486486486,1.5012210031505893,1.197019669404661,1.8103469640346068
3.5914014014014013,1.5020413228471519,1.197019669404661,1.8138078062149643
3.614154154154154,1.502810124979927,1.197019669404661,1.8174187300476876
3.6369069069069067,1.5035324843511728,1.197019669404661,1.8211730647550755
3.65965965965966,1.5042134757631476,1.197019669404661,1.8250624354725908
3.682412412412412,1.5048581740181097,1.197019669404661,1.8290795690322272
3.705165165165165,1.5054716539183177,1.197019669404661,1.8332199938360139
3.727917917917918,1.5060589902660297,1.197019669404661,1.8374797398852007
3.7506706706706705,1.5066252578635035,1.197019669404661,1.8418551897401898
3.7734234234234236,1.5071755315129993,1.197019669404661,1.8463430928987772
3.796176176176176,1.507714886016773,1.197019669404661,1.8509405749485268
3.818928928928929,1.5082483961770852,1.197019669404661,1.855645142131064
3.8416816816816817,1.508781136796193,1.197019669404661,1.8604546819418473
3.8644344344344344,1.5093181826763544,1.197019669404661,1.865367460358975
3.887187187187187,1.5098646086198293,1.197019669404661,1.8703821162571694
3.9099399399399397,1.5104254894288751,1.197019669404661,1.8754976535142494
3.932692692692693,1.51100589990575,1.197019669404661,1.8807134312688818
3.955445445445445,1.511610914852713,1.197019669404661,1.8860291527380462
3.978198198198198,1.5122456090720224,1.197019669404661,1.8914448529493542
4.000950950950951,1.5129150573659353,1.197019669404661,1.896960885701042
4.023703703703704,1.5136243345367115,1.197019669404661,1.9025779100103386
4.046456456456457,1.514378515386609,1.197019669404661,1.908296876276843
4.069209209209209,1.515182674717886,1.197019669404661,1.9141190123461531
4.091961961961962,1.5160418873328008,1.197019669404661,1.920045809625536
4.114714714714715,1.516961228033612,1.197019669404661,1.9260790093782214
4.137467467467467,1.517945771622578,1.197019669404661,1.9322205892930797
4.16022022022022,1.5190005929019572,1.197019669404661,1.93847275040702
4.182972972972973,1.5201307666740078,1.197019669404661,1.9448379044387025
4.205725725725726,1.521341367740988,1.197019669404661,1.9513186615748466
4.228478478478478,1.5226374709051564,1.197019669404661,1.9579178187388355
4.251231231231231,1.524024150968771,1.197019669404661,1.9646383483607632
4.2739839839839835,1.5255064827340914,1.197019669404661,1.9714833876547657
4.296736736736737,1.527089541003374,1.197019669404661,1.9784562284109588
4.31948948948949,1.5287784005788791,1.197019669404661,1.9855603072914356
4.342242242242242,1.5305781362628639,1.197019669404661,1.992799196627724
4.364994994994995,1.532493822857587,1.197019669404661,2.0001765957040116
4.387747747747747,1.5345305351653071,1.197019669404661,2.007696322511384
4.4105005005005005,1.536693347988282,1.197019669404661,2.0153623059604024
4.433253253253254,1.5389873361287703,1.197019669404661,2.023178578527171
4.456006006006006,1.5414175743890306,1.197019669404661,2.031149269320588
4.478758758758758,1.5439891375713213,1.197019669404661,2.0392785975477725
4.501511511511511,1.5467071004779003,1.197019669404661,2.047570866358166
4.524264264264264,1.549576537911026,1.197019669404661,2.05603045704941
4.547017017017017,1.5526025246729573,1.197019669404661,2.0646618236132257
4.56976976976977,1.5557901355659522,1.197019669404661,2.0734694876045694
4.592522522522522,1.5591444453922694,1.197019669404661,2.0824580333152327
4.615275275275275,1.562670528954167,1.197019669404661,2.0916321032338723
4.638028028028028,1.5663734610539033,1.197019669404661,2.1009963937783285
4.660780780780781,1.5702583164937367,1.197019669404661,2.110555651281587
4.6835335335335335,1.5743301700759258,1.197019669404661,2.120314668217757
4.706286286286286,1.5785940966027283,1.197019669404661,2.1302782796542896
4.729039039039039,1.5830551708764034,1.197019669404661,2.140451359913818
4.751791791791792,1.587718467699209,1.197019669404661,2.1508388194381
4.774544544544545,1.5925890358634416,1.197019669404661,2.1614455758267646
4.797297297297297,1.5976698688467665,1.197019669404661,2.172274521758108
4.82005005005005,1.6029604517322706,1.197019669404661,2.183325069299887
4.842802802802803,1.608459926666009,1.197019669404661,2.1945963129106345
4.865555555555556,1.6141674357940452,1.197019669404661,2.2060873700693584
4.888308308308308,1.6200821212624383,1.197019669404661,2.2177973791024086
4.911061061061061,1.6262031252172455,1.197019669404661,2.2297254971395133
4.9338138138138135,1.6325295898045324,1.197019669404661,2.241870898192727
4.956566566566567,1.6390606571703579,1.197019669404661,2.254232771345379
4.97931931931932,1.6457954694607804,1.197019669404661,2.266810319051012
5.002072072072072,1.6527331688218638,1.197019669404661,2.27960275553236
5.024824824824824,1.659872897399662,1.197019669404661,2.292609305273407
5.047577577577577,1.667213797340241,1.197019669404661,2.3058292016036415
5.07033033033033,1.6747550107896612,1.197019669404661,2.31926168536305
5.0930830830830836,1.6824956798939796,1.197019669404661,2.3329060036487523
5.115835835835836,1.6904349467992608,1.197019669404661,2.3467614086355946
5.138588588588588,1.6985719536515584,1.197019669404661,2.360827156466217
5.161341341341341,1.7069058425969375,1.197019669404661,2.3751025062106494
5.184094094094094,1.7154357557814601,1.197019669404661,2.389586718884305
5.206846846846847,1.7241608353511848,1.197019669404661,2.4042790565295786
5.2295995995996,1.7330802234521698,1.197019669404661,2.4191787813511842
5.252352352352352,1.7421930622304769,1.197019669404661,2.4342851549045337
5.275105105105105,1.7514984938321674,1.197019669404661,2.4495974373364326
5.297857857857858,1.760995660403301,1.197019669404661,2.46511488667032
5.32061061061061,1.7706837040899353,1.197019669404661,2.4808367581393673
5.3433633633633635,1.7805617670381366,1.197019669404661,2.4967623035602644
5.366116116116116,1.7906289913939604,1.197019669404661,2.512890770747054
5.388868868868869,1.8008845193034682,1.197019669404661,2.5292214029672886
5.411621621621622,1.811327492912722,1.197019669404661,2.5457534384288447
5.434374374374374,1.8219570543677788,1.197019669404661,2.56248610980487
5.4571271271271264,1.832772345814702,1.197019669404661,2.579418643791666
5.47987987987988,1.8437725093995505,1.197019669404661,2.596550260694495
5.502632632632633,1.8549566872683867,1.197019669404661,2.6138801740468027
5.525385385385386,1.8663240215672667,1.197019669404661,2.631407590255479
5.548138138138138,1.8778736544422527,1.197019669404661,2.649131708271695
5.57089089089089,1.8896047280394086,1.197019669404661,2.6670517192907277
5.593643643643643,1.901516384504791,1.197019669404661,2.6851668064702787
5.6163963963963965,1.9136077659844604,1.197019669404661,2.7034761446776994
5.63914914914915,1.9258780146244758,1.197019669404661,2.721978900255015
5.661901901901902,1.9383262725709012,1.197019669404661,2.740674230804647
5.684654654654654,1.9509516819697972,1.197019669404661,2.7595612849982016
5.707407407407407,1.9637533849672215,1.197019669404661,2.778639202398885
5.73016016016016,1.976730523709234,1.197019669404661,2.7979071133058953
5.7529129129129135,1.9898822403418956,1.197019669404661,2.817364138614178
5.775665665665666,2.0032076770112663,1.197019669404661,2.8370093896886606
5.798418418418418,2.0167059758634123,1.197019669404661,2.856841968257348
5.821171171171171,2.0303762790443827,1.197019669404661,2.8768609663136786
5.843923923923924,2.0442177287002488,1.197019669404661,2.8970654660387827
5.8666766766766765,2.058229466977064,1.1990043942230189,2.917454539731109
5.88942942942943,2.0724106360208916,1.2067940222903895,2.9380272497513937
5.912182182182182,2.0867603779777912,1.214738107475442,2.9587826484801405
5.934934934934935,2.1012778349938213,1.2228358917050075,2.979719778282635
5.957687687687688,2.1159621492150467,1.2310866269423157,3.0008376714877776
5.98044044044044,2.130812462787523,1.2394895751987136,3.022135350376333
6.0031931931931926,2.145827917857314,1.248044008538383,3.0436118271762447
6.025945945945946,2.1610076565704803,1.2567492090707333,3.0652661040702274
6.048698698698699,2.1763508210730786,1.2656044689363704,3.087097173209787
6.071451451451452,2.1918565535111716,1.274609090285877,3.109104016736466
6.094204204204204,2.2075239960308197,1.2837623852486555,3.131285606812984
6.116956956956956,2.2233522907780787,1.2930636758971041,3.1536409056590533
6.1397097097097095,2.2393405798990185,1.302512294202792,3.176168865595245
6.162462462462463,2.2554880055396938,1.3121075819863748,3.1988684290930127
6.185215215215216,2.2717937098461634,1.3218488908631643,3.2217385288291625
6.207967967967968,2.2882568349644887,1.3317355821807562,3.2447780877482213
6.23072072072072,2.30487652304073,1.3417670269545448,3.267986019126915
6.253473473473473,2.3216519162209526,1.3519426057949624,3.2913612266469428
6.2762262262262265,2.3385821566512104,1.3622617088337774,3.314902604468643
6.29897897897898,2.355666386477565,1.3727237356433815,3.3386090373117483
6.321731731731732,2.372903747846077,1.3833280951536455,3.3624794005385086
6.344484484484484,2.390293382902809,1.3940742055657764,3.386512560239841
6.367237237237237,2.40783443379382,1.4049614942610682,3.4107073733265714
6.38998998998999,2.4255260426651684,1.4159893977072906,3.435062687623046
6.412742742742743,2.4433673516629155,1.4271573613639836,3.4595773419618476
6.435495495495496,2.461357502933126,1.4384648395823503,3.4842501662839016
6.458248248248248,2.4794956386218545,1.4499112955053097,3.5090799817383993
6.481001001001001,2.4977809008751666,1.4614962009630976,3.5340656007872355
6.503753753753754,2.5162124318391137,1.473219036370125,3.5592058273081024
6.526506506506506,2.534789373659763,1.4850792906158796,3.5844994567036466
6.54925925925926,2.553510868483176,1.4970764609587908,3.6099452760075614
6.572012012012012,2.5723760584554123,1.5092100529154784,3.635542063995346
6.594764764764765,2.5913840857225274,1.5214795801503143,3.6612885912947406
6.617517517517517,2.610534092430585,1.5338845643632824,3.6871836204978874
6.64027027027027,2.629825220725648,1.5464245351782406,3.7132259062730553
6.663023023023023,2.6492566127537756,1.5590990300286924,3.739414195478859
6.685775775775776,2.6688274106610215,1.5719075940445661,3.765747227277477
6.708528528528529,2.688536756593453,1.5848497799373622,3.7922237332495436
6.731281281281281,2.708383792697128,1.5979251478864327,3.818842437507823
6.754034034034034,2.728367661118112,1.6111332654232438,3.8456020568129796
6.776786786786786,2.7484875040024503,1.6244737073173197,3.8725013006875812
6.7995395395395395,2.768742463496224,1.6379460554611784,3.89953887153127
6.822292292292293,2.7891316817454808,1.6515498987556654,3.926713464735296
6.845045045045045,2.809654300896282,1.6652848329957712,3.954023768796793
6.867797797797798,2.8303094630946917,1.679150460756573,3.98146846543281
6.89055055055055,2.8510963104867635,1.693146391279231,4.009046229694296
6.913303303303303,2.872013985218566,1.7072722403586738,4.0367557300784584
6.9360560560560565,2.8930616294361546,1.7215276302303832,4.064595628641926
6.958808808808809,2.9142383852855898,1.7359121894587608,4.092564581112419
6.981561561561562,2.9355433949129357,1.7504255528258148,4.120661237000057
7.004314314314314,2.9569758004642477,1.7650673612210388,4.148884239707456
7.027067067067067,2.9785347440855867,1.7798372615318494,4.177232226639324
7.049819819819819,3.0002193679230182,1.7947349065345308,4.205703829311505
7.0725725725725725,3.0220288141225957,1.8097599547865406,4.23429767345865
7.095325325325326,3.0439622248303815,1.8249120705202677,4.263012379140495
7.118078078078078,3.0660187421924414,1.8401909235367093,4.291846560848174
7.140830830830831,3.08819750835483,1.8555961891012127,4.3207988276084475
7.163583583583583,3.1104976654636074,1.8711275478392873,4.3498677830879275
7.186336336336336,3.1329183556648394,1.8867846856348875,4.379052025694792
7.2090890890890895,3.1554587211045795,1.9025672935287647,4.408350148680395
7.231841841841842,3.1781179039288907,1.9184750676180757,4.437760740239706
7.254594594594595,3.200895046283835,1.9345077089581681,4.467282383609502
7.277347347347347,3.2237892903154695,1.9506649234641855,4.496913657166753
7.3001001001001,3.2467997781698594,1.9669464218148298,4.526653134524889
7.3228528528528525,3.2699256519930606,1.9833519193577902,4.5564993846283315
7.345605605605606,3.2931660539311354,1.9998811360148696,4.586450971847401
7.368358358358359,3.316520126130146,2.0165337961903447,4.616506456069947
7.391111111111111,3.339987010736148,2.033309628679148,4.646664392793148
7.413863863863864,3.363565849895206,2.0502083665769995,4.676923333213413
7.436616616616616,3.3872557857533763,2.0672297471915693,4.707281824315183
7.4593693693693695,3.4110559604567223,2.08437351195571,4.737738408957735
7.482122122122123,3.4349655161513035,2.101639406340908,4.768291625961699
7.504874874874875,3.4589835949831826,2.119027179772697,4.798940010193668
7.527627627627628,3.4831093390984114,2.1365365855478267,4.829682092648996
7.55038038038038,3.507341890643063,2.154167380751202,4.860516400534925
7.573133133133133,3.53168039176319,2.1719193261763334,4.891441457350046
7.5958858858858855,3.556123984604851,2.189792186245298,4.922455782964404
7.618638638638639,3.5806718113141107,2.2077857289307574,4.9535578936974645
7.641391391391392,3.6053230140370283,2.2258997256792172,4.984746302394839
7.664144144144144,3.6300767349196637,2.2441339513360448,5.016019518503283
7.686896896896897,3.6549321161080766,2.2624881840705524,5.047376048145601
7.709649649649649,3.6798882997483293,2.280962205303564,5.0788143941930946
7.7324024024024025,3.70494442798648,2.299555799635992,5.110333056336968
7.755155155155156,3.7300996429685918,2.318268754778023,5.1419305311591605
7.777907907907908,3.7553530868407243,2.3371008614808737,5.173605312200575
7.800660660660661,3.78070390174893,2.356051913468063,5.205355890029797
7.823413413413413,3.806151229839282,2.3751217073692903,5.237180752309274
7.846166166166166,3.8316942132578333,2.3943100426552952,5.269078383860371
7.868918918918919,3.857331994150643,2.4136167215732716,5.301047266728014
7.891671671671672,3.883063714663775,2.433041549084276,5.333085880243274
7.914424424424425,3.908888516943294,2.4525843328010875,5.365192701085501
7.937177177177177,3.934805543135251,2.4722448829281833,5.397366203342319
7.95992992992993,3.9608139353857075,2.4920230122014586,5.429604858569956
7.982682682682682,3.9869128358407298,2.5119185358308815,5.461907135850578
8.005435435435436,4.013101386646377,2.53193127144256,5.494271501850194
8.028188188188189,4.039378729948705,2.5520610390228127,5.526696420874598
8.05094094094094,4.065744007893776,2.5723076608635838,5.559180354923968
8.073693693693695,4.092196362627655,2.5926709615079666,5.591721763747344
8.096446446446446,4.118734936296393,2.6131507676974253,5.624319104895362
8.1191991991992,4.145358871046058,2.6337469083205773,5.656970833771539
8.141951951951953,4.172067309022709,2.654459214361677,5.689675403683741
8.164704704704704,4.198859392372403,2.6752875188509124,5.722431265893893
8.187457457457459,4.225734263241203,2.696231656816118,5.755236869666288
8.21021021021021,4.2526910637751705,2.717291465234533,5.788090662315808
8.232962962962963,4.279728936120363,2.7384667829857934,5.820991089254933
8.255715715715716,4.306847022422846,2.7597574508064664,5.853936594039226
8.278468468468468,4.334044464828669,2.7811633112448853,5.886925618412453
8.30122122122122,4.361320405483905,2.8026842086166206,5.91995660235119
8.323973973973974,4.388673986534606,2.8243199889621984,5.953027984107013
8.346726726726727,4.4161043501268376,2.846070500003856,5.986138200249819
8.36947947947948,4.443610638406659,2.86793559110449,6.0192856857088275
8.392232232232232,4.47119199352012,2.8899151132271346,6.052468873813105
8.414984984984985,4.4988475576133,2.9120089188950207,6.085686196331579
8.437737737737738,4.5265764728322475,2.9342168621526437,6.118936083511851
8.460490490490491,4.5543778813230205,2.956538798527338,6.152216964118702
8.483243243243244,4.582250925231687,2.9789745849922538,6.18552726547112
8.505995995995995,4.610194746704299,3.001524079929559,6.2188654134790395
8.528748748748749,4.638208487886925,3.0241871430942826,6.252229832679568
8.551501501501502,4.666291290925626,3.0469636355793996,6.285618946271852
8.574254254254253,4.694442297966453,3.06985341978144,6.319031176151466
8.597007007007008,4.722660651155476,3.0928563593664498,6.3524649429445015
8.61975975975976,4.750945492638747,3.1159723192368993,6.385918666040595
8.642512512512512,4.779295964562334,3.1392011654997347,6.419390763624934
8.665265265265266,4.807711209072291,3.162542765434087,6.452879652710496
8.688018018018017,4.836190368314679,3.185996987460242,6.486383749169117
8.710770770770772,4.864732584435569,3.209563701109486,6.5199014677616525
8.733523523523523,4.893336999581005,3.2332427769936847,6.553431222168326
8.756276276276276,4.9220027558970605,3.2570340867763825,6.5869714250177385
8.77902902902903,4.950728995529784,3.2809375031438286,6.620520487915739
8.80178178178178,4.979514860625244,3.304952899777196,6.654076821473292
8.824534534534536,5.008359493329506,3.329080151324307,6.687638835334704
8.847287287287287,5.037262035788611,3.3533191333732884,6.721204938203934
8.87004004004004,5.066221630148642,3.377669722425331,6.754773537871953
8.892792792792793,5.095237418555648,3.402131795869315,6.788343041241981
8.915545545545545,5.124308543155683,3.4267052319557867,6.82191185435558
8.9382982982983,5.153434146094827,3.4513899097720335,6.85547838241762
8.96105105105105,5.182613369519118,3.4761857092173774,6.889041029820859
8.983803803803804,5.211845355574628,3.5010925109793516,6.9225982001699045
9.006556556556557,5.241129246407417,3.5261101965096646,6.9561482963051695
9.029309309309308,5.270464184163547,3.551238648000994,6.9896897203261
9.052062062062063,5.299849310989078,3.5764777483643115,7.023220873613845
9.074814814814815,5.329283769030056,3.601827381206106,7.056740156854006
9.097567567567568,5.358766700432566,3.627287430806655,7.0902459700584775
9.120320320320321,5.388297247342651,3.6528577820981987,7.123736712587103
9.143073073073072,5.417874551906371,3.6785383206434186,7.157210783169322
9.165825825825827,5.447497756269799,3.7043289326148092,7.190666579924789
9.188578578578579,5.477166002578982,3.7302295047738667,7.224102500384097
9.211331331331332,5.506878432979984,3.7562399244508384,7.257516941509129
9.234084084084085,5.5366341896188676,3.782360079524599,7.290908299713136
9.256836836836836,5.5664324146416995,3.808589858403322,7.324274970880077
9.279589589589591,5.596272250194529,3.834929150004604,7.357615350384454
9.302342342342342,5.626152838423416,3.861377843736906,7.390927833109926
9.325095095095095,5.656073321474434,3.8879358294801545,7.424210813468713
9.347847847847849,5.686032841493635,3.9146029975676497,7.457462685419619
9.3706006006006,5.716030540627071,3.9413792387675493,7.490681842486593
9.393353353353353,5.7460655610208144,3.968264444264568,7.523866677777061
9.416106106106106,5.7761370448209215,3.9952585056424827,7.557015583999361
9.43885885885886,5.806244134173457,4.022361314866146,7.590126953480768
9.461611611611612,5.83638597122447,4.049572764264171,7.623199178184769
9.484364364364364,5.86656169812003,4.0768927465115805,7.65623064972848
9.507117117117117,5.896770457006198,4.104321154612862,7.689219759399535
9.52986986986987,5.927011390029032,4.131857881884759,7.722164898173306
9.552622622622623,5.957283639334588,4.159502821939691,7.755064456729485
9.575375375375376,5.987586347068933,4.187255868668853,7.787916825469013
9.598128128128128,6.017918655378122,4.21511691622604,7.820720394530205
9.62088088088088,6.048279706408218,4.2430858590109075,7.853473553805529
9.643633633633634,6.078668642305282,4.27116259165288,7.886174692957685
9.666386386386385,6.109084605215371,4.299347008994693,7.91882220143605
9.68913913913914,6.1395267372845606,4.32763900607648,7.951414468492641
9.711891891891892,6.1699941806588825,4.356038478119497,7.983949883198268
9.734644644644645,6.200486077484421,4.384545320510232,8.01642683445861
9.757397397397398,6.231001569907225,4.413159428784346,8.048843711030106
9.780150150150149,6.261539800073361,4.441880698610578,8.081198901536146
9.802902902902904,6.292099910128886,4.470709025775096,8.113490794482676
9.825655655655655,6.3226810422198625,4.4996443061652,8.145717778274525
9.848408408408408,6.353282338492348,4.52868643575354,8.177878241231156
9.871161161161162,6.383902941092401,4.557835310582038,8.209970571602764
9.893913913913913,6.41454199216609,4.587090826745879,8.2419931575863
9.916666666666668,6.445198633859469,4.616452880377318,8.27394438734162
9.93941941941942,6.475872008318597,4.645921367629517,8.305822649007679
9.962172172172172,6.506561257689539,4.6754961846603855,8.337626330718692
9.984924924924925,6.5372655241183555,4.705177227615962,8.369353820620749
10.007677677677677,6.5679839497510955,4.73496439261405,8.401003506888141
10.030430430430432,6.598715676733841,4.764857575727642,8.43257377774004
10.053183183183183,6.62945984721263,4.7948566729679065,8.464063021457353
10.075935935935936,6.660215603333539,4.8249615802673205,8.495469626399757
10.09868868868869,6.6909820872426105,4.855172193462457,8.526791981022765
10.12144144144144,6.721758441085927,4.88548840827666,8.5580284738951935
10.144194194194196,6.752543807009544,4.9159101203023585,8.58917749371673
10.166946946946947,6.7833373271595025,4.946437224983114,8.62023742933589
10.1896996996997,6.814138143681878,4.977069617595585,8.65120666976817
10.212452452452453,6.844945398722737,5.007807193231001,8.682083604214473
10.235205205205204,6.875758234428124,5.038649846776476,8.712866622079773
10.25795795795796,6.906575792944113,5.069597472895763,8.743554112992463
10.28071071071071,6.93739721641676,5.100649966009887,8.774144466823632
10.303463463463464,6.968221646992119,5.13180722027714,8.804636073707098
10.326216216216217,6.999048226816257,5.163069129572962,8.835027324059551
10.348968968968968,7.029876098035231,5.194435587469013,8.86531660860145
10.371721721721721,7.060704402795107,5.225906487212046,8.895502318378169
10.394474474474475,7.091532283241932,5.257481721702156,8.925582844781708
10.417227227227228,7.122358881521788,5.289161183470448,8.955556579573129
10.43997997997998,7.153183339780719,5.320944764656362,8.985421914905077
10.462732732732732,7.184004800164785,5.352832356984008,9.015177243345562
10.485485485485485,7.214822404820052,5.384823851738251,9.044820957901852
10.508238238238238,7.245635295892583,5.416919139739745,9.074351452045422
10.530990990990992,7.276442615528439,5.449118111319672,9.103767119737206
10.553743743743745,7.307243505873662,5.481420656293294,9.13306635545403
10.576496496496496,7.338037109074335,5.513826663932919,9.162247554215751
10.59924924924925,7.368822567276503,5.546336022940071,9.191309111612934
10.622002002002002,7.399599022626238,5.578948621416625,9.22024942383585
10.644754754754755,7.430365617269595,5.611664346834927,9.249066887704263
10.667507507507509,7.461121493352632,5.644483086007167,9.277759900698097
10.69026026026026,7.491865793021415,5.677404725053445,9.306326860989387
10.713013013013013,7.522597658421998,5.710429149368856,9.33476616747514
10.735765765765766,7.55331623170045,5.743556243589312,9.363076219811587
10.75851851851852,7.584020655002821,5.776785891556191,9.39125541844945
10.78127127127127,7.6147100704751685,5.81011797627946,9.419302164670878
10.804024024024024,7.645383620263571,5.84355237989974,9.447214860627401
10.826776776776777,7.676040446514078,5.877088983648716,9.47499190937944
10.84952952952953,7.706679691372745,5.910727667807764,9.502631714937726
10.872282282282283,7.7373004969856405,5.944468311665471,9.53013268230581
10.895035035035034,7.76790200549882,5.9783107934728354,9.557493217524804
10.917787787787788,7.798483359058347,6.012254990397118,9.584711727719576
10.94054054054054,7.829043699810282,6.046300778473424,9.61178662114714
10.963293293293294,7.859582169900685,6.080448032554411,9.638716307246959
10.986046046046047,7.890097911475609,6.114696626257736,9.665499196693482
11.008798798798798,7.920590066681122,6.149046431911333,9.69213370145091
11.031551551551551,7.951057777663286,6.183497320496217,9.718618234830355
11.054304304304305,7.981500186568157,6.218049161586512,9.744951211549802
11.077057057057058,8.011916435541798,6.252701823287275,9.77113104779632
11.09980980980981,8.042305666730263,6.2874551721689045,9.797156161291621
11.122562562562562,8.072667022279623,6.322309073198908,9.823024971360338
11.145315315315315,8.102999644335924,6.357263389670226,9.848735899001621
11.168068068068068,8.133302675045242,6.392317983126317,9.874287366964166
11.190820820820822,8.163575256553623,6.4274727132824285,9.899677799824817
11.213573573573573,8.19381653100714,6.462727437943368,9.924905624070913
11.236326326326326,8.22402564055185,6.498082012916848,9.949969268186853
11.25907907907908,8.254201727333806,6.533536291922731,9.97486716274488
11.281831831831832,8.284343933499077,6.569090126497837,9.999597740500317
11.304584584584585,8.314451401193713,6.604743365895503,10.024159436491923
11.327337337337337,8.344523272563787,6.640495856980429,10.048550688147145
11.35009009009009,8.37455868975536,6.67634744411776,10.07276993539296
11.372842842842843,8.404556794914475,6.712297969056458,10.096815620772492
11.395595595595596,8.434516730187207,6.748347270806505,10.120686189567909
11.41834834834835,8.464437637719618,6.784495185509434,10.1443800899298
11.4411011011011,8.494318659657752,6.820741546301906,10.1678957730136
11.463853853853854,8.52415893814768,6.857086183171733,10.191231693123628
11.486606606606607,8.553957615335475,6.893528922806188,10.214386307864764
11.50935935935936,8.58371383336718,6.930069588431363,10.237358078302996
11.532112112112113,8.613426734388858,6.96670799964294,10.260145469134775
11.554864864864864,8.64309546054657,7.003443972226962,10.28274694886618
11.577617617617618,8.67271915398638,7.040277317970427,10.305160990002332
11.60037037037037,8.702296956854344,7.077207844460753,10.327386069247934
11.623123123123124,8.73182801129653,7.114235354873451,10.34942066771961
11.645875875875877,8.76131145945899,7.1513596477472134,10.371263271170765
11.668628628628628,8.790746443487782,7.188580516745395,10.39291237023017
11.691381381381381,8.82013210552898,7.2258977504029485,10.414366460655012
11.714134134134135,8.849467587728622,7.263311131857892,10.435624043599352
11.736886886886888,8.878752032232796,7.300820438566177,10.456683625899416
11.759639639639639,8.907984581187543,7.338425441998349,10.477543720376737
11.782392392392392,8.937164376738933,7.376125907317328,10.498202846160538
11.805145145145145,8.966290561033016,7.413921593035198,10.518659529030835
11.827897897897898,8.995362276215868,7.451812250648077,10.53891230178366
11.850650650650651,9.024378664433529,7.489797624246558,10.5589597046205
11.873403403403403,9.053338867832075,7.5278774501009,10.57880028556325
11.896156156156156,9.082242028557562,7.566051456218028,10.598432600897098
11.918908908908909,9.111087288756051,7.604319361868525,10.617855215643578
11.941661661661662,9.139873790573606,7.642680877081366,10.637066704065846
11.964414414414415,9.168600676156268,7.681135702103569,10.656065650208967
11.987167167167167,9.197267087650118,7.719683526821826,10.67485064847841
12.00991991991992,9.22587216720121,7.758324030143256,10.693420304259165
12.032672672672673,9.254415056955613,7.7970568793316435,10.711773234579583
12.055425425425426,9.282894899059373,7.8358817292954335,10.729908068823313
12.07817817817818,9.31131083565856,7.874798221823457,10.747823449493662
12.10093093093093,9.339662008899221,7.9138059847639255,10.765518033034517
12.123683683683684,9.367947560927433,7.9529046311413945,10.782990490713473
12.146436436436437,9.396166633889248,7.992093758206517,10.800239509571979
12.16918918918919,9.424318369930731,8.031372946412642,10.81726379344882
12.191941941941943,9.452401911197933,8.070741758312412,10.834062064083454
12.214694694694694,9.48041639983692,8.110199737366885,10.850633062306956
12.237447447447448,9.508360977993759,8.149746406659638,10.86697554932788
12.2602002002002,9.536234787814498,8.1893812675062,10.883088308122797
12.282952952952954,9.564036971445207,8.229103797949408,10.898970144941005
12.305705705705705,9.591766671031936,8.268913451129405,10.914619890934466
12.328458458458458,9.61942302872076,8.308809653516011,10.93003640392551
12.351211211211211,9.647005186657728,8.348791802990057,10.945218570325398
12.373963963963964,9.674512286988907,8.388859266758415,10.9601653072194
12.396716716716718,9.701943471860348,8.429011379085496,10.9748755646352
12.419469469469469,9.729297883418118,8.469247438823185,10.989348328013051
12.442222222222222,9.756574663808282,8.509566706716972,11.003582620899591
12.464974974974975,9.783772955176891,8.54996840246558,11.017577507888202
12.487727727727728,9.81089189967001,8.590451701507277,11.031332097832742
12.510480480480481,9.8379306394337,8.631015731502758,11.044845547364643
12.533233233233233,9.864888316614016,8.671659568481788,11.058117064746243
12.555985985985986,9.891764073357026,8.71238223261511,11.071145914098942
12.578738738738739,9.918557051808785,8.753182683569932,11.083931420047637
12.601491491491492,9.94526639411536,8.794059815400036,11.096472972830682
12.624244244244245,9.971891242422807,8.83501245091665,11.108770033928963
12.646996996996997,9.998430738877172,8.876039335478213,11.12082214227613
12.66974974974975,10.02488402562454,8.917139130128797,11.132628921120284
12.692502502502503,10.051250244810957,8.958310404005378,11.144190085616536
12.715255255255256,10.077528538582492,8.999551625923216,11.155505451241767
12.738008008008007,10.103718049085195,9.040861155035378,11.166574943135013
12.76076076076076,10.12981791846513,9.08223723044753,11.17739860648273
12.783513513513514,10.15582728886836,9.123677959651742,11.18797661808498
12.806266266266267,10.181745302440948,9.165181305623147,11.19830929925875
12.82901901901902,10.207571101328943,9.206745072399299,11.208397130258588
12.851771771771771,10.233303827678418,9.248366888934715,11.21824076642212
12.874524524524524,10.258942623635429,9.290044190991122,11.227841056279736
12.897277277277277,10.28448663134603,9.331774200785826,11.237199061906235
12.92003003003003,10.309934992956293,9.373553904076552,11.246316081836035
12.942782782782784,10.335286850612269,9.415380024308968,11.25519367691557
12.965535535535535,10.36054134646002,9.457248993391376,11.263833699528663
12.988288288288288,10.385697622645607,9.499156918589131,11.272238326702082
13.011041041041041,10.410754821315093,9.541099544944613,11.280410097685573
13.033793793793794,10.435712084614538,9.583072212527814,11.288351956701263
13.056546546546548,10.460568554690003,9.625069807702058,11.296067301677947
13.079299299299299,10.48532337368754,9.667086707445891,11.30356003992919
13.102052052052052,10.509975683753218,9.709116715603068,11.310834651903368
13.124804804804805,10.534524627033097,9.7511529897304,11.317896264335793
13.147557557557558,10.558969345673226,9.793187956974402,11.324750734372051
13.170310310310311,10.583308981819686,9.835213217122362,11.33140474651701
13.193063063063063,10.607542677618516,9.877219430637298,11.337865924599734
13.215815815815816,10.631669575215792,9.919196189088062,11.344142961343522
13.238568568568569,10.655688816757566,9.961131864916867,11.350245768598265
13.261321321321322,10.679599544389905,10.003013436938346,11.356185651841464
13.284074074074073,10.70340090025886,10.044826287328652,11.361975513189067
13.306826826826827,10.7270920265105,10.086553965134355,11.367630087886644
13.32957957957958,10.750672065290882,10.128177910511203,11.37316622007056
13.352332332332333,10.774140158746064,10.16967713300674,11.378603184485389
13.375085085085086,10.797495449022108,10.211027836258012,11.383963061786204
13.397837837837837,10.820737078265076,10.252202980558454,11.389271175971697
13.42059059059059,10.843864188621026,10.29317177397097,11.394556603271083
13.443343343343344,10.86687592223602,10.333899082234936,11.399852762237103
13.466096096096097,10.889771421256118,10.37434474796067,11.405198094551565
13.48884884884885,10.91254982782738,10.414462811039108,11.410636844615652
13.511601601601601,10.935210284095865,10.454200625598906,11.416219942592823
13.534354354354354,10.957751932207634,10.493497875349446,11.422005989065822
13.557107107107107,10.980173914308756,10.532285500343614,11.428062328273898
13.57985985985986,11.002475372545279,10.570484566163598,11.434466178926959
13.602612612612614,11.024655449063264,10.60800513377715,11.441305764349378
13.625365365365365,11.046713286008778,10.64474522737523,11.448681344642326
13.648118118118118,11.068648025527878,10.680590050023392,11.456706001032364
13.670870870870871,11.090458809766623,10.71541166184349,11.465505957689757
13.693623623623624,11.112144780871079,10.749069405842587,11.47522015589957
13.716376376376378,11.1337050809873,10.781411283456425,11.485998878518174
13.739129129129129,11.15513885226135,10.81226632875827,11.498011375764431
13.761881881881882,11.17644523683929,10.841454403679734,11.511436069998847
13.784634634634635,11.197623376867174,10.868826315541387,11.526420438192961
13.807387387387388,11.218672414491072,10.894278094051003,11.543066734931141
13.83014014014014,11.239591491857032,10.917760598709885,11.56142238500418
13.852892892892893,11.260379751111124,10.939285376104085,11.581474126118163
13.875645645645646,11.281036334399412,10.958925448900697,11.603147219898126
13.898398398398399,11.301560383867944,10.97681074599308,11.626310021742809
13.921151151151152,11.321951041662789,10.993119038253427,11.650783045072151
13.943903903903903,11.342207449930006,11.008064090914125,11.676350808945887
13.966656656656657,11.362328750815648,11.02188301304007,11.702774488591226
13.98940940940941,11.382314086465788,11.034824496125967,11.72980367680561
14.012162162162163,11.402162599026477,11.047139013959809,11.757186184093145
14.034914914914916,11.421873430643778,11.05905726032516,11.784689600962396
14.057667667667667,11.441445723463753,11.070750105108978,11.812141341818528
14.08042042042042,11.46087861963246,11.082353707562518,11.839403531702402
14.103173173173174,11.48017126129596,11.093979703532016,11.866362819059903
14.125925925925927,11.499322790600315,11.105718589565033,11.892926991635598
14.14867867867868,11.518332349691585,11.1176428455813,11.91902185380187
14.171431431431431,11.537199080715826,11.129809705385863,11.94458845604579
14.194184184184184,11.555922125819102,11.142263552871826,11.969580698766377
14.216936936936937,11.574500627147476,11.155037959842984,11.993963294451968
14.23968968968969,11.592933726846999,11.168157399895842,12.017710053798156
14.262442442442442,11.611220567063743,11.181638679568184,12.040802454559302
14.285195195195195,11.62936028994376,11.195492128184304,12.063228451703216
14.307947947947948,11.647352037633118,11.209722584741074,12.084981490525161
14.330700700700701,11.665194952277869,11.224330215704814,12.106059688850923
14.353453453453454,11.682888176024075,11.239311192792286,12.126465159255865
14.376206206206206,11.7004308510178,11.254658255245952,12.146203446789647
14.398958958958959,11.717822119405104,11.270361177032191,12.165283061778018
14.421711711711712,11.735061123332045,11.28640715587679,12.1837150907873
14.444464464464465,11.752147004944684,11.302781138095591,12.201512871793776
14.467217217217218,11.769078906389083,11.319466090732254,12.218691722045913
14.48996996996997,11.785855969811298,11.336443230517059,12.235268709105537
14.512722722722723,11.802477748305453,11.353692628489098,12.251262868121808
14.535475475475476,11.818946370511846,11.371195539579205,12.266697201444487
14.558228228228229,11.835264960691212,11.388932964537284,12.28159695684514
14.580980980980982,11.851436645249231,11.40688477992041,12.295988510578052
14.603733733733733,11.867464550591585,11.425029845119536,12.309899256063634
14.626486486486487,11.883351803123952,11.443346100847423,12.323357505400482
14.64923923923924,11.899101529252013,11.461810660170102,12.336392398333924
14.671991991991993,11.914716855381451,11.480399895030084,12.349033815732819
14.694744744744746,11.930200907917941,11.499089520997495,12.361312294838386
14.717497497497497,11.94555681326717,11.5178546828327,12.373258943701641
14.74025025025025,11.960787697834814,11.536670043323316,12.384905352346312
14.763003003003003,11.975896688026552,11.555509877756215,12.396283498296889
14.785755755755757,11.99088691024807,11.574348176281502,12.407425644214639
14.808508508508508,12.00576149090504,11.593158756299342,12.41836422551074
14.831261261261261,12.020523556403152,11.611915386830944,12.42913172597536
14.854014014014014,12.035176233148082,11.630591926600843,12.439760539695321
14.876766766766767,12.049722647545506,11.649162477237603,12.45028281785341
14.89951951951952,12.064165926001108,11.66760155257125,12.460730299430965
14.922272272272272,12.078509194920573,11.685884264456517,12.471134125384628
14.945025025025025,12.092755580709575,11.7039865248667,12.48152463655245
14.967777777777778,12.106908209773794,11.721885263187245,12.491931156360343
14.990530530530531,12.120970208518917,11.739558656700556,12.502381760337279
15.013283283283284,12.134944703350618,11.756986371225018,12.512903035476217
15.036036036036036,12.148834820674576,11.774149807797121,12.523519833552031
15.058788788788789,12.162643686896477,11.791032350228697,12.534255023564256
15.081541541541542,12.176374428422003,11.807619607414912,12.545129249429094
15.104294294294295,12.190030171656822,11.823899643499225,12.55616069981442
15.127047047047048,12.20361404300663,11.839863188512897,12.567364897500362
15.1497997997998,12.217129168877094,11.855503821981012,12.578754515773175
15.172552552552553,12.230578675673906,11.870818122286703,12.590339229061108
15.195305305305306,12.243965689802735,11.885805775334578,12.602125604270892
15.218058058058059,12.257293337669276,11.900469637246301,12.614117038092251
15.240810810810812,12.270564745679188,11.91481574738877,12.626313743969606
15.263563563563563,12.283783040238172,11.928853289883003,12.63871279059334
15.286316316316316,12.2969513477519,11.942594503727916,12.651308191775884
15.30906906906907,12.310072794626048,11.956054543647777,12.66409104560432
15.331821821821823,12.323150507266302,11.969251295576345,12.677049718956258
15.354574574574574,12.336187612078346,11.982205152189627,12.690170071967065
15.377327327327327,12.349187235467848,11.994938754989494,12.703435715946203
15.40008008008008,12.362152503840498,12.007476710060624,12.716828297620372
15.422832832832833,12.375086543601979,12.019845284762546,12.730327802441412
15.445585585585587,12.387992481157958,12.032072092305029,12.743912870010888
15.468338338338338,12.40087344291413,12.04418571506141,12.757561170766849
15.491091091091091,12.413732555276166,12.056212546240658,12.771252564311673
15.513843843843844,12.42657294464975,12.068174144358403,12.784971744941098
15.536596596596597,12.439397737440563,12.080090005329478,12.79870546955165
15.55934934934935,12.452210060054282,12.091977910596585,12.81244220951198
15.582102102102102,12.465013038896593,12.103854020551733,12.826172057241454
15.604854854854855,12.47780980037317,12.11573297108156,12.839886629664779
15.627607607607608,12.490603470889692,12.127627971143976,12.853578970635407
15.650360360360361,12.503397176851852,12.139550899731859,12.867243453971845
15.673113113113114,12.516194044665315,12.15151240096889,12.88087568836174
15.695865865865866,12.528997200735772,12.16352197641333,12.894472425058213
15.718618618618619,12.541809771468898,12.175588073920618,12.908031469017178
15.741371371371372,12.554634883270372,12.187718172639512,12.921551593901233
15.764124124124125,12.567475662545881,12.199918863896658,12.935032461195105
15.786876876876876,12.580335235701101,12.212195927864679,12.948474543537523
15.80962962962963,12.593216729141707,12.22455440601671,12.961879052266704
15.832382382382383,12.60612326927339,12.23699866945067,12.975247869096108
15.855135135135136,12.619057982501829,12.249532483224757,12.988583481778901
15.877887887887889,12.632023995232696,12.262159066884141,13.001888923581252
15.90064064064064,12.645024433871676,12.274881151385125,13.015167716358226
15.923393393393393,12.658062424824449,12.287701032634555,13.028423817014342
15.946146146146146,12.671141094496699,12.30062062186869,13.041661567124708
15.9688988988989,12.684263569294105,12.31364149309064,13.054885645497569
15.991651651651653,12.697432975622336,12.326764927780562,13.06810102346411
16.014404404404402,12.71065243988709,12.339991957078151,13.081312922696029
16.037157157157157,12.723925088494035,12.35332340162504,13.094526775363029
16.059909909909912,12.737254047848863,12.366759909237127,13.107748186460599
16.082662662662663,12.750642444357238,12.38030199055984,13.120982898154637
16.105415415415415,12.76409340442485,12.393950052841415,13.134236756008285
16.128168168168166,12.777610054457377,12.407704431940894,13.147515676973859
16.15092092092092,12.791195520860509,12.421565422669628,13.160825619051389
16.173673673673676,12.804852930039914,12.435533307547578,13.17417255253225
16.196426426426427,12.818585408401276,12.449608384038354,13.187562432764198
16.21917917917918,12.832396082350272,12.463790990311807,13.201001174388736
16.24193193193193,12.84628807829259,12.47808152956719,13.21449462701799
16.264684684684685,12.860264522633909,12.492480492936098,13.22804855233172
16.28743743743744,12.874328541779906,12.506988480973082,13.241668602586731
16.31019019019019,12.888483262136253,12.521606223728623,13.255360300543883
16.332942942942942,12.90273181010865,12.536334599391742,13.269129020825558
16.355695695695694,12.91707731210276,12.551174651479537,13.282979972725984
16.37844844844845,12.931522894524276,12.566127604545398,13.296918184503154
16.401201201201204,12.94607168377887,12.581194878372083,13.310948489185657
16.423953953953955,12.960726806272225,12.596378100612633,13.325075511931818
16.446706706706706,12.97549138841002,12.611679117839714,13.339303658980327
16.469459459459458,12.990368556597941,12.627100004963777,13.353637108232105
16.492212212212213,13.005361437241657,12.642643072980672,13.368079801502642
16.514964964964967,13.020473156746862,12.658310875011825,13.382635438481898
16.53771771771772,13.035706841519225,12.674106210602393,13.397307472436058
16.56047047047047,13.051065617964431,12.690032128247243,13.41209910768162
16.58322322322322,13.066552612488163,12.706091926118201,13.427013298858125
16.605975975975976,13.082170951496098,12.722289150971898,13.442052752020297
16.62872872872873,13.097923761393918,12.738627595221372,13.457219927566465
16.651481481481483,13.113814168587297,12.755111292160148,13.472517045014445
16.674234234234234,13.129845299481925,12.771744509331803,13.487946089632047
16.696986986986985,13.146020280483475,12.788531740041824,13.503508820925125
16.71973973973974,13.162342237997631,12.805477693011516,13.519206782983746
16.742492492492495,13.178814298430076,12.822587280175581,13.535041316684572
16.765245245245247,13.195439588186483,12.839865602625345,13.551013573747621
16.787997997997998,13.21222123367254,12.857317934698507,13.567124532646574
16.81075075075075,13.229162361293916,12.874949706213414,13.583375016374418
16.833503503503504,13.246266097456306,12.89276648284075,13.599765712071862
16.85625625625626,13.263535568565382,12.910773944599022,13.616297192531743
16.87900900900901,13.280973901026824,12.928977862450695,13.632969939602953
16.90176176176176,13.298584221246312,12.947384072964576,13.649784369528048
16.924514514514513,13.31636965562953,12.96599845099643,13.666740860262628
16.947267267267268,13.334333330582158,12.984826880323709,13.683839780840607
16.970020020020023,13.352478372509879,13.003875222151706,13.701081522868051
16.992772772772774,13.37080790781836,13.023149281388347,13.718466534248373
17.015525525525526,13.389325062913297,13.042654770561212,13.735995355265382
17.038278278278277,13.408032964200357,13.062397271226466,13.753668657174249
17.061031031031032,13.426934738085237,13.082382192692018,13.771487283478455
17.083783783783787,13.446033510973606,13.10261472784955,13.789452294097662
17.106536536536538,13.46533240927114,13.123099805880765,13.807565012661515
17.12928928928929,13.484834559383527,13.1438420415738,13.825827077193255
17.15204204204204,13.504543087716444,13.164845680956347,13.84424049447654
17.174794794794796,13.52446112067558,13.186114542924395,13.862807698426765
17.19754754754755,13.544591784666608,13.207651956520975,13.88153161281224
17.220300300300302,13.564938206095205,13.229460693498773,13.900415718691637
17.243053053053053,13.585503511367053,13.251542895788575,13.919464126945531
17.265805805805805,13.606290826887832,13.273899997492627,13.938681656283038
17.28855855855856,13.627303279063234,13.296532641035514,13.958073917090955
17.31131131131131,13.648543994298922,13.319440458931444,13.9776475296664
17.334064064064066,13.670016099000588,13.342619215660203,13.997412982340972
17.356816816816817,13.691722719573908,13.366061144597515,14.017384294550302
17.37956956956957,13.71366698242456,13.389758027390787,14.037575937458332
17.402322322322323,13.735852013958231,13.41370137294502,14.058002654971443
17.425075075075075,13.758280940580596,13.43788246039297,14.078679420768221
17.44782782782783,13.780956888697341,13.46229238251778,14.099621394876902
17.47058058058058,13.803881465812367,13.486920571014247,14.120842360610487
17.493333333333332,13.827048176770818,13.511748257846886,14.14234809569475
17.516086086086087,13.850447835458938,13.536753933141803,14.164141737776074
17.53883883883884,13.87407125397713,13.561916081657195,14.186226426297065
17.561591591591593,13.897909244425806,13.587213232894808,14.208605255956805
17.584344344344345,13.921952618905369,13.612623899679944,14.231281338130794
17.607097097097096,13.946192189516228,13.638125371351338,14.254259007681119
17.62984984984985,13.9706187683588,13.663694587207392,14.27754294951021
17.652602602602602,13.995223167533487,13.689309456732015,14.301136878334958
17.675355355355357,14.019996199140696,13.714949075794555,14.325043322486836
17.69810810810811,14.044928675280834,13.740593908020557,14.349263442541112
17.72086086086086,14.070011408054311,13.76622595098478,14.373796865123843
17.743613613613615,14.09523520956154,13.79182888350587,14.39864153561721
17.766366366366366,14.120590891902925,13.817388190507087,14.423793593298763
17.78911911911912,14.14606926717888,13.842891262309548,14.449247272048213
17.811871871871872,14.1716611474898,13.868327465828024,14.474994829151576
17.834624624624624,14.197357344936105,13.893688185917341,14.501026503954868
17.857377377377375,14.223148671618198,13.91896683601627,14.527330507220125
17.88013013013013,14.249025939636496,13.944158838201338,14.553893041071655
17.902882882882885,14.274979961091397,13.969261573723777,14.580698348459016
17.925635635635636,14.301001548083313,13.994274305995559,14.607728790171068
17.948388388388388,14.327081512712653,14.019198078756201,14.634964946669104
17.97114114114114,14.353210667079825,14.044035592705129,14.662385741454521
17.993893893893894,14.37937982328524,14.06879069390077,14.689968952669709
18.01664664664665,14.4055797934293,14.0934671464908,14.7176924403678
18.0393993993994,14.431801389612417,14.118069237815721,14.745533541409113
18.06215215215215,14.458035423935002,14.142601917914398,14.773468929955605
18.084904904904903,14.484272708497459,14.167070698375435,14.801474718619483
18.107657657657658,14.510504055400197,14.191481550142697,14.829526560657698
18.130410410410413,14.536720276743631,14.215840801625541,14.857599751861722
18.153163163163164,14.562912184628157,14.240155038164607,14.885669331091707
18.175915915915915,14.589070591154194,14.264431003600096,14.91371017870829
18.198668668668667,14.61518630842214,14.288675504390486,14.941697112453795
18.22142142142142,14.641250932829765,14.312896100743608,14.969605764915922
18.244174174174177,14.667261951486193,14.337106122480904,14.997417780491482
18.266926926926928,14.693219529077012,14.361321367630618,15.025117690523407
18.28967967967968,14.719123843739116,14.385556529517082,15.05269115796115
18.31243243243243,14.744975073609385,14.409820759743367,15.080129387475404
18.335185185185185,14.770773396824714,14.434120295011997,15.10742649863743
18.357937937937937,14.796518991521976,14.458460285855972,15.13457769718798
18.38069069069069,14.822212035838065,14.482844885633313,15.161579186042818
18.403443443443443,14.847852707909864,14.50727732993732,15.188428085882407
18.426196196196198,14.873441185874256,14.531760009722856,15.215122362025657
18.44894894894895,14.898977647868126,14.556294538477356,15.241660757258895
18.4717017017017,14.924462272028359,14.580881813811551,15.268042730245167
18.494454454454456,14.94989523649185,14.60552207386972,15.29426839911398
18.517207207207207,14.975276719395476,14.630214948969007,15.320338489821944
18.539959959959962,15.000606898876114,14.654959508876253,15.346254288875976
18.562712712712713,15.025885953070665,14.679754306121836,15.372017600019493
18.585465465465465,15.051114060116006,14.70459741573614,15.397630704495873
18.60821821821822,15.076291398149028,14.729486471776875,15.42309632452118
18.63097097097097,15.10141814530661,14.754418700996881,15.448417589616339
18.653723723723726,15.126494479725643,14.779390953981851,15.473598005469436
18.676476476476477,15.151520579543005,14.804399734068385,15.498641425017626
18.69922922922923,15.176496622895588,14.829441224332719,15.523552021458457
18.721981981981983,15.201422787920276,14.854511312922396,15.548334262918155
18.744734734734735,15.226299252753943,14.879605616985184,15.572992888522702
18.76748748748749,15.251126195533502,14.904719505432787,15.597532885634216
18.79024024024024,15.275903794395806,14.929848120760346,15.621959468031266
18.812992992992992,15.300632227477761,14.954986400128272,15.64627805482725
18.835745745745747,15.325311672916252,14.980129095897073,15.67049424993543
18.8584984984985,15.349942308848151,15.005270795791857,15.694613821904445
18.881251251251253,15.374524313410353,15.030405942858886,15.71864268396182
18.904004004004005,15.399057864739742,15.05552885536156,15.742586874117924
18.926756756756756,15.423543140973202,15.080633746748898,15.766452535197505
18.94950950950951,15.447980320247623,15.105714745813678,15.790245894681568
18.972262262262262,15.472369580699883,15.130765917141433,15.813973244258333
18.995015015015017,15.496711100466879,15.155781281934587,15.83764091899917
19.01776776776777,15.52100505768548,15.18075483927699,15.86125527609397
19.04052052052052,15.545251630492585,15.205680587885935,15.884822673099235
19.063273273273275,15.56945099702507,15.230552548376645,15.908349445673496
19.086026026026026,15.593603335419823,15.255364786043735,15.931841884795912
19.108778778778778,15.617708823813732,15.280111434140188,15.955306213487276
19.131531531531532,15.641767640343684,15.304786717611517,15.97874856307585
19.154284284284284,15.665779963146555,15.329384977217375,16.002174949075734
19.17703703703704,15.689745970359246,15.353900693949154,16.025591246769338
19.19978978978979,15.713665840118626,15.378328513627375,16.049003166609875
19.22254254254254,15.737539750561591,15.402663271538605,16.07241622958458
19.245295295295296,15.761367879825025,15.426900016950523,16.095835742699528
19.268048048048048,15.785150406045805,15.451034037322152,16.119266774769457
19.290800800800803,15.80888750736083,15.475060882010292,16.142714132711365
19.313553553553554,15.832579361906976,15.498976385258025,16.166182338555927
19.336306306306305,15.856226147821122,15.522776688242256,16.189675607399987
19.35905905905906,15.879828043240172,15.546458259951033,16.213197826529314
19.38181181181181,15.903385226300994,15.570017916662254,16.236752535939736
19.404564564564566,15.926897875140485,15.593452839800179,16.26034291048079
19.427317317317318,15.950366167895517,15.616760591956973,16.283971743834062
19.45007007007007,15.973790282702998,15.639939130883908,16.307641434522086
19.472822822822824,15.997170397699787,15.662986821277583,16.33135397412199
19.495575575575575,16.020506691022785,15.685902444214669,16.3551109378309
19.51832832832833,16.04379934080888,15.708685204118192,16.378913477499573
19.54108108108108,16.067048525194945,15.731334733174158,16.402762317215732
19.563833833833833,16.09025442231787,15.753851093153193,16.426657751482548
19.586586586586588,16.113417210314555,15.776234774630451,16.45059964599866
19.60933933933934,16.136537067321857,15.798486693635295,16.47458744100842
19.632092092092094,16.15961417147668,15.820608185799466,16.49862015715389
19.654844844844845,16.182648700915916,15.842600998108095,16.52269640372374
19.677597597597597,16.20564083377642,15.86446727838969,16.546814389163153
19.70035035035035,16.228590748195117,15.886209562710542,16.570971933679694
19.723103103103103,16.251498622308866,15.907830760861142,16.59516648375659
19.745855855855858,16.27436463425456,15.92933414014304,16.61939512836608
19.76860860860861,16.297188962169074,15.950723307676157,16.64365461666199
19.79136136136136,16.319971784189317,15.972002191455559,16.667941376923075
19.814114114114115,16.342713278452152,15.993175020388875,16.69225153651543
19.836866866866867,16.365413623094483,16.014246303543647,16.71658094264532
19.85961961961962,16.388072996253182,16.035220808826512,16.740925183679852
19.882372372372373,16.410691576065133,16.056103541305692,16.765279610824575
19.905125125125124,16.433269540667226,16.076899721373536,16.789639359960915
19.92787787787788,16.45580706819635,16.097614644776968,16.813999491615732
19.95063063063063,16.478304336789375,16.11825279432714,16.83835587925161
19.973383383383386,16.500761524583215,16.138818131488087,16.862704917678343
19.996136136136137,16.52317880971473,16.159314475571108,16.88704314385835
20.01888888888889,16.545556370320806,16.179745507290534,16.91136723335108
20.041641641641643,16.567894384538334,16.200114770518052,16.935673998558617
20.064394394394395,16.590193030504214,16.220425674439912,16.959960386568515
20.087147147147146,16.612452486355316,16.240681496056762,16.98422347665387
20.1098998998999,16.63467293022853,16.26088538296995,17.00846047748711
20.132652652652652,16.65685454026073,16.281040356403427,17.032668724118036
20.155405405405407,16.67899749458882,16.30114931441488,17.056845674762762
20.17815815815816,16.701101971349672,16.32121503525409,17.080988907445253
20.20091091091091,16.72316814868018,16.34124018083151,17.105096116528852
20.223663663663665,16.745196204717217,16.361227300263543,17.12916510917089
20.246416416416416,16.767186317597673,16.38117883346526,17.153193801730087
20.26916916916917,16.789138665458445,16.401097114764976,17.177180216151914
20.291921921921922,16.81105342643641,16.420984376517996,17.201122476354822
20.314674674674674,16.832930778668445,16.440842752700583,17.225018804636306
20.33742742742743,16.85477090029145,16.460674282467345,17.248867518115553
20.36018018018018,16.876573969442298,16.480480913658134,17.27266702522646
20.382932932932935,16.89834016425789,16.50026450624289,17.296415822272888
20.405685685685686,16.920069662875093,16.52002683569442,17.320112490055767
20.428438438438437,16.941762643430796,16.53976959628171,17.34375569057988
20.451191191191192,16.963419284061903,16.55949440427708,17.367344163846727
20.473943943943944,16.98503976290527,16.579202801072586,17.390876724737954
20.4966966966967,17.00662425809781,16.59889625620225,17.414352259993368
20.51944944944945,17.02817294777639,16.61857617026705,17.43776972528573
20.5422022022022,17.0496860100779,16.63824387776183,17.461128142393967
20.564954954954956,17.071163623139228,16.65790064980295,17.484426596475505
20.587707707707708,17.09260596509727,16.677547696756623,17.507664233437918
20.610460460460462,17.114013214088885,16.697186170768617,17.530840257409153
20.633213213213214,17.135385548250976,16.71681716819644,17.553953928305514
20.655965965965965,17.156723145720424,16.736441731945195,17.577004559495652
20.67871871871872,17.178026184634124,16.75606085370897,17.599991515559278
20.70147147147147,17.199294843128936,16.775675476120075,17.622914210137797
20.724224224224226,17.22052929934178,16.7952864948081,17.645772103875462
20.746976976976978,17.24172973140951,16.81489476037133,17.66856470244769
20.76972972972973,17.262896317469036,16.834501080263248,17.691291554674823
20.792482482482484,17.284029235657226,16.854106220596606,17.713952250717846
20.815235235235235,17.30512866411097,16.873710907867892,17.73654642035405
20.83798798798799,17.326194780967157,16.893315830605115,17.7590737313292
20.86074074074074,17.34722776436267,16.91292164094123,17.78153388778411
20.883493493493493,17.3682277924344,16.932528956116684,17.803926628752116
20.906246246246248,17.38919504331922,16.952138359912997,17.82625172672544
20.928998998999,17.41012969515402,16.97175040402093,17.848508986287108
20.951751751751754,17.431031926075697,16.99136560934524,17.870698242806153
20.974504504504505,17.451901914221118,17.010984467248964,17.892819361193272
20.997257257257257,17.472739837727175,17.03060744073967,17.914872234714682
21.02001001001001,17.493545874730764,17.05023496560022,17.936856783861305
21.042762762762763,17.51432020336876,17.06986745146635,17.958772955271172
21.065515515515518,17.535063001778052,17.089505282853303,17.980620720702802
21.08826826826827,17.555774448095523,17.109148820134223,18.002400076056823
21.11102102102102,17.576454720458052,17.12879840047154,18.024111040444566
21.133773773773775,17.597103997002534,17.14845433870459,18.04575365530048
21.156526526526527,17.61772245586586,17.168116928194404,18.067327983537314
21.179279279279278,17.6383102751849,17.187786441628276,18.088834108741523
21.202032032032033,17.658867633096545,17.207463131785712,18.110272134407378
21.224784784784784,17.679394707737686,17.227147232267292,18.13164218320808
21.24753753753754,17.699891677245205,17.246838958188626,18.152944396301784
21.27029029029029,17.72035871975598,17.266538506840565,18.174178932671392
21.293043043043042,17.740796013406907,17.286246058317353,18.19534596849646
21.315795795795797,17.76120373633487,17.305961776114216,18.216445696555525
21.338548548548548,17.781582066676744,17.325685807695873,18.237478325657616
21.361301301301303,17.801931182569426,17.345418285037027,18.258444080101825
21.384054054054054,17.822251262149795,17.365159325136318,18.27934319916327
21.406806806806806,17.842542483554737,17.38490903050494,18.300175936604536
21.42955955955956,17.862805024921144,17.404667489631,18.32094256021129
21.452312312312312,17.88303906438589,17.424434777420775,18.341643351351006
21.475065065065067,17.90324478008588,17.444210955617702,18.36227860455406
21.49781781781782,17.92342235015797,17.463996073200597,18.382848627115344
21.52057057057057,17.943571952739067,17.483790166761292,18.40335373871684
21.543323323323325,17.963693765966052,17.503593260863475,18.42379427106863
21.566076076076076,17.98378796797581,17.52340536838264,18.44417056756898
21.58882882882883,18.003854736905225,17.543226490828864,18.464482982981586
21.611581581581582,18.023894250891168,17.56305661865238,18.484731883129957
21.634334334334334,18.043906688070557,17.58289573153332,18.504917644607794
21.65708708708709,18.063892226580254,17.60274379865591,18.525040654504597
21.67983983983984,18.083851044557154,17.62260077896792,18.545101310146386
21.702592592592595,18.103783320138124,17.6424666214261,18.56510001885015
21.725345345345346,18.12368923146007,17.6623412652279,18.585037197692237
21.748098098098097,18.14356895665988,17.682224640030512,18.60491327328925
21.770850850850852,18.163422673874418,17.70211666615709,18.624728681591748
21.793603603603604,18.183250561240577,17.722017254791574,18.64448386768958
21.81635635635636,18.20305279689527,17.741926308161585,18.664179285628958
21.83910910910911,18.222829558975334,17.761843719710832,18.683815398239837
21.86186186186186,18.242581025617696,17.781769374260627,18.703392676974765
21.884614614614616,18.26230737495922,17.80170314816156,18.72291160175688
21.907367367367367,18.28200878513679,17.821644909435367,18.74237266083821
21.930120120120122,18.301685434287304,17.841594517907584,18.761776350667024
21.952872872872874,18.32133750054763,17.861551825331212,18.78112317576405
21.975625625625625,18.340965162054673,17.881516675501693,18.800413648607652
21.99837837837838,18.36056859694532,17.901488904363983,18.819648289526658
22.02113113113113,18.38014798335643,17.921468340111147,18.838827626601713
22.043883883883886,18.399703499424916,17.94145480327597,18.857952195573862
22.066636636636638,18.41923532328763,17.961448106814622,18.877022539760638
22.08938938938939,18.438743633081494,17.98144805618373,18.896039209979257
22.112142142142144,18.458228606943372,18.001454449410488,18.915002764476256
22.134894894894895,18.477690423010166,18.02146707715628,18.933913768864052
22.157647647647646,18.49712925941874,18.04148572277395,18.952772796063535
22.1804004004004,18.516545294305995,18.061510162359372,18.97158042625262
22.203153153153153,18.535938705808814,18.0815401647969,18.99033724682073
22.225905905905908,18.55530967206408,18.10157549179946,19.009043852328702
22.24865865865866,18.574658371208663,18.121615897943293,19.027700844474033
22.27141141141141,18.593984981379478,18.141661130697685,19.04630883206127
22.294164164164165,18.613289680713393,18.161710930449757,19.06486843097703
22.316916916916917,18.632572647347303,18.181765030524645,19.08338026416996
22.33966966966967,18.65183405941808,18.201823157201193,19.101844961634963
22.362422422422423,18.671074095062608,18.22188502972352,19.120263160401695
22.385175175175174,18.69029293241779,18.241950360308493,19.138635504527088
22.40792792792793,18.709490749620507,18.262018854149535,19.15696264509148
22.43068068068068,18.72866772480762,18.282090209416523,19.17524524019872
22.453433433433435,18.74782403611605,18.302164117252854,19.193483954979246
22.476186186186187,18.766959861682658,18.3222402617688,19.211679461596514
22.498938938938938,18.786075379644338,18.34231832003229,19.229832439256384
22.521691691691693,18.805170768137977,18.362397962056846,19.247943574219107
22.544444444444444,18.824246205300454,18.38247885078699,19.26601355981392
22.5671971971972,18.84330186926866,18.402560642081458,19.284043096455864
22.58994994994995,18.86233793817948,18.42264298469452,19.30203289166444
22.612702702702702,18.881354590169792,18.442725520255188,19.319983660084397
22.635455455455457,18.900352003376494,18.46280788324526,19.337896123507726
22.658208208208208,18.919330355936456,18.482889700975697,19.355771010897215
22.680960960960963,18.938289825986583,18.502970593562704,19.373609058410462
22.703713713713714,18.957230591663738,18.523050173902167,19.39141100942531
22.726466466466466,18.97615283110482,18.54312804764448,19.40917761456516
22.74921921921922,18.995056722446716,18.563203813168734,19.426909631724698
22.771971971971972,19.013942443826302,18.583277061557364,19.44460782609524
22.794724724724727,19.032810173380476,18.603347376571207,19.462272970189744
22.81747747747748,19.051660089246106,18.623414334625448,19.479905843866764
22.84023023023023,19.070492369560085,18.643477504766842,19.49750723435333
22.862982982982984,19.089307192459312,18.66353644865233,19.515077936266295
22.885735735735736,19.108104736080655,18.683590720529967,19.532618751631343
22.90848848848849,19.126885178561007,18.703639867221796,19.55013048990022
22.931241241241242,19.14564869803725,18.72368342810999,19.56761396796451
22.953993993993993,19.164395472646262,18.743720935125832,19.585070010166692
22.97674674674675,19.183125680524956,18.763751912742595,19.602499448307316
22.9994994994995,19.201839499810184,18.783775877972722,19.619903121647646
23.022252252252255,19.22053710863885,18.803792340369263,19.63728187690844
23.045005005005006,19.239218685147836,18.823800802033162,19.65463656826251
23.067757757757757,19.257884407474023,18.843800757625498,19.671968057322548
23.090510510510512,19.27653445375431,18.863791694386858,19.68927721312176
23.113263263263264,19.29516900212556,18.883773092162695,19.706564912088428
23.136016016016015,19.31378823072467,18.903744423437058,19.72383203801228
23.15876876876877,19.332392317688537,18.923705153373717,19.741079482003357
23.18152152152152,19.35098144115402,18.94365473986651,19.75830814244153
23.204274274274276,19.369555779258036,18.963592633598797,19.775518924917275
23.227027027027027,19.388115510137446,18.983518278113166,19.792712742161726
23.24977977977978,19.406660811929143,19.003431109892055,19.80989051396623
23.272532532532534,19.425191862770006,19.023330558449477,19.827053167090536
23.295285285285285,19.443708840796937,19.04321604643553,19.844201635158345
23.31803803803804,19.462211924146807,19.06308698975365,19.861336858539964
23.34079079079079,19.480701290956507,19.082942797691583,19.87845978422143
23.363543543543543,19.49917711936292,19.102782873067103,19.895571365658736
23.386296296296297,19.51763958750294,19.12260661238905,19.912672562616834
23.40904904904905,19.536088873513435,19.142413406034397,19.929764340992474
23.431801801801804,19.55452515553131,19.16220263844245,19.946847672620166
23.454554554554555,19.572948611693427,19.181973688326746,19.963923535060108
23.477307307307306,19.591359420136683,19.20172592890529,19.980992911368077
23.50006006006006,19.60975775899798,19.221458728150772,19.998056789845187
23.522812812812813,19.628143806414176,19.241171449059987,20.015116163768365
23.545565565565568,19.646517740522178,19.260863449945145,20.03217203109921
23.56831831831832,19.664879739458854,19.28053408474607,20.04922539417164
23.59107107107107,19.6832299813611,19.300182703365245,20.06627725935696
23.613823823823825,19.701568644365807,19.319808652025728,20.083328636705886
23.636576576576577,19.719895906609835,19.339411273652846,20.100380539566824
23.65932932932933,19.738211946230102,19.358989908280282,20.11743398417992
23.682082082082083,19.75651694136347,19.378543893480806,20.13448998924613
23.704834834834834,19.774811070146832,19.398072564822918,20.151549575470746
23.72758758758759,19.793094510717076,19.41757525635266,20.168613765081492
23.75034034034034,19.811367441211083,19.437051301102382,20.185683581319783
23.773093093093095,19.82963003976575,19.45650003162497,20.20276004790653
23.795845845845847,19.84788248451794,19.475920780555914,20.219844188479964
23.818598598598598,19.866124953604547,19.495312881201414,20.23693702600768
23.841351351351353,19.884357625162473,19.514675668153117,20.254039582171828
23.864104104104104,19.902580677328583,19.534008477930136,20.27115287672703
23.88685685685686,19.920794288239772,19.553310649646704,20.28827792683284
23.90960960960961,19.93899863603292,19.572581525706507,20.305415746359333
23.932362362362362,19.957193898844924,19.591820452521894,20.322567345167954
23.955115115115117,19.975380254812652,19.611026781258488,20.339733728366816
23.977867867867868,19.993557882073,19.630199868603157,20.35691589554284
24.000620620620623,20.011726958762857,19.649339077555993,20.37411483996972
24.023373373373374,20.029887663019096,19.66844377824315,20.39133154779504
24.046126126126126,20.048040172978613,19.687513348750947,20.40856699720628
24.06887887887888,20.06618466677829,19.70654717597938,20.4258221575772
24.091631631631632,20.084321322555013,19.72554465651242,20.443097988597607
24.114384384384387,20.102450318445662,19.744505197505113,20.46039543938621
24.137137137137138,20.120571832587125,19.763428217583268,20.47771544759098
24.15988988988989,20.13868604311629,19.78231314775585,20.49505893847673
24.182642642642644,20.156793128170044,19.801159432336416,20.512426824003672
24.205395395395396,20.174893265885274,19.819966529871266,20.52982000189928
24.228148148148147,20.192986634398853,19.838733914071874,20.547239354725832
24.250900900900902,20.21107341184768,19.857461074749477,20.56468574894588
24.273653653653653,20.229153776368626,19.876147518747548,20.582160033989705
24.29640640640641,20.247227906098594,19.89479277087054,20.599663041326647
24.31915915915916,20.265295979174457,19.913396374804908,20.617195583544007
24.34191191191191,20.283358173733106,19.93195789402955,20.63475845343666
24.364664664664666,20.30141466791142,19.950476912712638,20.6523524231102
24.387417417417417,20.31946563984629,19.96895303659076,20.669978243101816
24.410170170170172,20.337511267674603,19.987385893828066,20.68763664152114
24.432922922922923,20.355551729533236,20.005775135851003,20.70532832321547
24.455675675675675,20.373587203559083,20.024120438156213,20.723053968961953
24.47842842842843,20.391617867889025,20.042421501087425,20.740814234690625
24.50118118118118,20.409643900659944,20.060678050579227,20.75860975074066
24.523933933933936,20.42766548000874,20.078889838862867,20.776441121154615
24.546686686686687,20.445682784072275,20.09705664513281,20.79430892301174
24.56943943943944,20.463695990987457,20.115178276170106,20.81221370580481
24.592192192192194,20.481705278891155,20.133254566919526,20.830155990862785
24.614944944944945,20.499710825920264,20.151285381019125,20.848136270821403
24.6376976976977,20.517712810211663,20.169270611278332,20.866155009144993
24.66045045045045,20.535711409902248,20.18721018010353,20.884212639700966
24.683203203203202,20.553706803128886,20.205104039868548,20.902309566389224
24.705955955955957,20.57169916802848,20.222952173228535,20.920446162828426
24.72870870870871,20.589688682737908,20.240754593376273,20.938622772099542
24.751461461461464,20.607675525394058,20.258511344238634,20.95683970654948
24.774214214214215,20.62565987413381,20.276222500613844,20.975097247653775
24.796966966966966,20.64364190709405,20.2938881682477,20.9933956459404
24.81971971971972,20.661621802411666,20.311508483849437,21.011735120973896
24.842472472472473,20.679599738223548,20.329083615046457,21.03011586140064
24.865225225225227,20.697575892666574,20.346613760279332,21.048538025053816
24.88797797797798,20.715550443877632,20.364099148636775,21.06700173911849
24.91073073073073,20.733523569993608,20.381540039632075,21.08550710035514
24.933483483483485,20.751495449151385,20.39893672292207,21.1040541753807
24.956236236236236,20.769466259487853,20.416289517970327,21.12264300100538
24.97898898898899,20.787436179139892,20.43359877365612,21.141273584623665
25.001741741741743,20.805405386244388,20.450864867831243,21.159945904657533
25.024494494494494,20.823374058938235,20.468088206827357,21.178659911049113
25.04724724724725,20.841342375358305,20.48526922491519,21.19741552580142
25.07,20.85931051364149,20.502408383719825,21.216212643563154
