rt_source,rt_target_predicted,ci_lower,ci_upper
0.49,0.5131653164393067,0.1602857372188053,0.8660448956598081
0.49865865865865866,0.515896114573096,0.1641707462399996,0.8676214829061925
0.5073173173173173,0.5186217281603184,0.16794120936367585,0.8693022469569609
0.515975975975976,0.5213369726544073,0.17159091571304036,0.8710830295957741
0.5246346346346347,0.5240366635087953,0.17511383130091585,0.8729594957166747
0.5332932932932932,0.5267156161769161,0.178504084108703,0.8749271482451292
0.5419519519519519,0.5293686461122029,0.18175600421416993,0.8769812880102359
0.5506106106106106,0.531990568768088,0.18486416296434494,0.8791169745718311
0.5592692692692692,0.5345761995980053,0.18782338871479787,0.8813290104812127
0.5679279279279279,0.5371203540553879,0.19062879309105346,0.8836119150197224
0.5765865865865866,0.5396178475936687,0.19327577295034232,0.8859599222369952
0.5852452452452452,0.5420635383606204,0.1957600510684589,0.8883670256527818
0.5939039039039039,0.5444545772803786,0.19807992266075963,0.8908292318999975
0.6025625625625626,0.5467915225343714,0.20023736479240045,0.8933456802763422
0.6112212212212212,0.5490752089183428,0.2022348992194603,0.8959155186172254
0.6198798798798799,0.5513064712280366,0.2040753078971706,0.8985376345589025
0.6285385385385385,0.5534861442591971,0.20576162384153546,0.9012106646768587
0.6371971971971973,0.5556150628075679,0.20729712084524426,0.9039330047698915
0.6458558558558558,0.5576940616688932,0.2086853021748687,0.9067028211629178
0.6545145145145145,0.5597239756389175,0.2099298883851926,0.9095180628926425
0.6631731731731731,0.561705639513384,0.2110348043923838,0.9123764746343843
0.6718318318318318,0.5636398880880374,0.21200416595050087,0.915275610225574
0.6804904904904905,0.5655275561586215,0.21284226567584535,0.9182128466413977
0.6891491491491492,0.5673694785208799,0.21355355876082227,0.9211853982809376
0.6978078078078078,0.5691664899705574,0.2141426485139234,0.9241903314271914
0.7064664664664665,0.570919425303397,0.21461427185503834,0.9272245787517557
0.7151251251251252,0.5726291193151439,0.21497328488634315,0.9302849537439447
0.7237837837837837,0.5742964068015413,0.21522464864845225,0.9333681649546303
0.7324424424424425,0.5759221225583334,0.2153734151601286,0.9364708299565383
0.7411011011011011,0.577507101381264,0.21542471382768774,0.9395894889348404
0.7497597597597597,0.5790521780660777,0.21542471382768774,0.9427206178345324
0.7584184184184184,0.5805581874085185,0.21542471382768774,0.9458606410034524
0.7670770770770771,0.5820259642043298,0.21542471382768774,0.9490059432820759
0.7757357357357357,0.583456343249256,0.21542471382768774,0.9521528815031339
0.7843943943943944,0.5848501593390408,0.21542471382768774,0.9552977953752363
0.7930530530530531,0.586208247269429,0.21542471382768774,0.9584370177349069
0.8017117117117116,0.5875314418361633,0.21542471382768774,0.9615668841610645
0.8103703703703704,0.5888205778349892,0.21542471382768774,0.964683741954403
0.819029029029029,0.59007649006165,0.21542471382768774,0.967783958491718
0.8276876876876877,0.5913000133118893,0.21542471382768774,0.9708639289716139
0.8363463463463463,0.5924919823814518,0.21542471382768774,0.9739200835737583
0.845005005005005,0.5936532320660814,0.21542471382768774,0.976948894058437
0.8536636636636636,0.594784597161522,0.21542471382768774,0.9799468798368085
0.8623223223223223,0.5958869124635177,0.21542471382768774,0.9829106135455539
0.870980980980981,0.5969610127678123,0.21542471382768774,0.9858367261615424
0.8796396396396396,0.5980077328701501,0.21542471382768774,0.98872191169408
0.8882982982982983,0.5990279075662748,0.21542471382768774,0.9915629314931553
0.8969569569569569,0.6000223716519304,0.21542471382768774,0.9943566182128821
0.9056156156156157,0.6009919599228615,0.21542471382768774,0.9970998794694892
0.9142742742742742,0.6019375071748113,0.21542471382768774,0.9997897012331013
0.922932932932933,0.6028598482035246,0.21542471382768774,1.002423163123207
0.9315915915915916,0.6037598178047444,0.21542471382768774,1.0049981370761516
0.9402502502502502,0.6046382507742166,0.21542471382768774,1.0075136996681113
0.9489089089089089,0.6054959819076831,0.21542471382768774,1.0099691701945397
0.9575675675675676,0.6063338460008889,0.21542471382768774,1.012364013238512
0.9662262262262262,0.6071526778495782,0.21542471382768774,1.0146978309337926
0.9748848848848849,0.6079533122494943,0.21542471382768774,1.0169703556101513
0.9835435435435436,0.6087365839963824,0.21542471382768774,1.0191814428095078
0.9922022022022022,0.6095033278859853,0.21542471382768774,1.0213310646600302
1.0008608608608607,0.6102543787140474,0.21542471382768774,1.0234193035946282
1.0095195195195195,0.6109905712763133,0.21542471382768774,1.025446346399738
1.0181781781781782,0.6117127403685259,0.21542471382768774,1.027412478579856
1.0268368368368368,0.6124217207864302,0.21542471382768774,1.0293180790232657
1.0354954954954954,0.61311834732577,0.21542471382768774,1.0311636149545336
1.0441541541541541,0.6138034547822889,0.21542471382768774,1.0329496371591353
1.052812812812813,0.6144778779517317,0.21542471382768774,1.0346767754663784
1.0614714714714715,0.6151424516298417,0.21542471382768774,1.0363457344767404
1.07013013013013,0.6157980106123633,0.21542471382768774,1.0379572895201408
1.0787887887887888,0.61644538969504,0.21542471382768774,1.0395122828325745
1.0874474474474476,0.6170854236736169,0.21542471382768774,1.0410116199383093
1.096106106106106,0.6177189473438363,0.21542471382768774,1.0424562662259902
1.1047647647647647,0.6183467955014439,0.21542471382768774,1.0438472437071604
1.1134234234234235,0.618969802942183,0.21542471382768774,1.0451856279462013
1.122082082082082,0.6195888044617971,0.21542471382768774,1.0464725451515735
1.1307407407407406,0.6202046348560315,0.21542471382768774,1.0477091694181466
1.1393993993993994,0.6208181289206288,0.21542471382768774,1.0488967201115604
1.1480580580580582,0.6214301214513342,0.21542471382768774,1.0500364593854883
1.1567167167167167,0.6220414472438914,0.21542471382768774,1.0511296898235323
1.1653753753753753,0.622652941094044,0.21542471382768774,1.052177752197685
1.174034034034034,0.6232654377975363,0.21542471382768774,1.0531820233358438
1.1826926926926926,0.6238797721501119,0.21542471382768774,1.0541439140912992
1.1913513513513512,0.6244967789475159,0.21542471382768774,1.0550648674073866
1.20001001001001,0.625117292985491,0.21542471382768774,1.0559463564709948
1.2086686686686687,0.6257421490597824,0.21542471382768774,1.0567898829490077
1.2173273273273273,0.6263721819661334,0.21542471382768774,1.0575969753018781
1.2259859859859858,0.6270082265002881,0.21542471382768774,1.0583691871691403
1.2346446446446446,0.6276511174579905,0.21542471382768774,1.0591080958218617
1.2433033033033034,0.6283016896349847,0.21542471382768774,1.0598153006771498
1.251961961961962,0.6289607778270149,0.21542471382768774,1.0604924218704788
1.2606206206206205,0.629629216829825,0.21542471382768774,1.0611410988814995
1.2692792792792793,0.6303078414391591,0.21542471382768774,1.0617629892095035
1.2779379379379379,0.6309974864507604,0.21542471382768774,1.0623597670947305
1.2865965965965964,0.631698986660374,0.21542471382768774,1.062933122282186
1.2952552552552552,0.6324131768637438,0.21542471382768774,1.063484758824579
1.303913913913914,0.6331408918566133,0.21542471382768774,1.0640163939214111
1.3125725725725725,0.6338829664347266,0.21542471382768774,1.0645297567912815
1.321231231231231,0.6346402353938277,0.21542471382768774,1.0650265875748046
1.3298898898898899,0.6354135335296615,0.21542471382768774,1.0655086362655377
1.3385485485485487,0.6362036956379709,0.21542471382768774,1.0659776616666332
1.3472072072072072,0.6370115565145,0.21542471382768774,1.0664354303710688
1.3558658658658658,0.6378379509549942,0.21542471382768774,1.0668837157632858
1.3645245245245246,0.6386837137551957,0.21542471382768774,1.0673242970405474
1.373183183183183,0.6395496797108493,0.21542471382768774,1.0677589582521254
1.3818418418418417,0.640436683617699,0.21542471382768774,1.068189487354764
1.3905005005005004,0.6413455602714889,0.21542471382768774,1.0686176752829988
1.3991591591591592,0.6422771444679631,0.21550897390303014,1.0690453150328962
1.4078178178178178,0.6432322710028652,0.21699034124760813,1.0694742007581222
1.4164764764764763,0.6442117746719398,0.218517422466747,1.0699061268771326
1.4251351351351351,0.6452164902709302,0.22009009335127078,1.0703428871905896
1.433793793793794,0.6462472525955809,0.22170823118300081,1.070786274008161
1.4424524524524525,0.647304896441636,0.2233717155993727,1.0712380772838994
1.451111111111111,0.6483902566048398,0.2250804294500297,1.07170008375965
1.4597697697697698,0.6495041678809345,0.22683425964591675,1.0721740761159522
1.4684284284284284,0.6506474650656667,0.2286330980012935,1.07266183213004
1.477087087087087,0.6518209829547789,0.2304768420689327,1.073165123840625
1.4857457457457457,0.6530255563440154,0.23236539596869588,1.0736857167193348
1.4944044044044045,0.65426202002912,0.23429867120955256,1.0742253688486876
1.503063063063063,0.6555312088058373,0.2362765875050239,1.0747858301066506
1.5117217217217216,0.6568339574699108,0.2382990735819352,1.0753688413578864
1.5203803803803804,0.658171100817085,0.24036606798217236,1.0759761336519975
1.529039039039039,0.6595434736431026,0.2424775198571984,1.0766094274290068
1.5376976976976977,0.6609519107437102,0.24463338975485416,1.077270431732566
1.5463563563563563,0.6623972469146489,0.24683365039788746,1.0779608434314103
1.555015015015015,0.6638803169516648,0.24907828745361937,1.0786823464497104
1.5636736736736736,0.6654019556505009,0.2513673002940566,1.079436611006945
1.5723323323323324,0.6669629978069015,0.2537007027455581,1.0802252928682448
1.580990990990991,0.668564278216611,0.2560785238272461,1.081050032605976
1.5896496496496497,0.6702066316753728,0.25850080847713697,1.0819124548736085
1.5983083083083083,0.6718908929789308,0.260967618264962,1.0828141676928995
1.6069669669669668,0.6736178969230296,0.26347903209052365,1.0837567617555357
1.6156256256256256,0.675388478303413,0.2660351468663757,1.0847418097404502
1.6242842842842842,0.6772034719158251,0.26863607818358565,1.0857708656480645
1.632942942942943,0.6790637125560095,0.27128196095919765,1.0868454641528214
1.6416016016016015,0.6809700350197115,0.27397295006405303,1.08796711997537
1.6502602602602603,0.6829232741026735,0.27670922092944233,1.0891373272759046
1.6589189189189189,0.6849242646006403,0.2794909701312161,1.0903575590700645
1.6675775775775776,0.6869738413093552,0.282318415949675,1.0916292666690355
1.6762362362362362,0.6890728390245635,0.2851917989037779,1.092953879145349
1.684894894894895,0.6912220925420082,0.28811138225805033,1.094332802825966
1.6935535535535535,0.6934224366574337,0.29107745250053163,1.0957674208143358
1.702212212212212,0.6956747061665838,0.2940903197901986,1.097259092542969
1.7108708708708709,0.6979797358652033,0.297150318372192,1.0988091533582147
1.7195295295295294,0.7003383605490353,0.3002578069591943,1.1004189141388763
1.7281881881881882,0.7027514150138241,0.30341316907741167,1.1020896609502366
1.7368468468468468,0.7052197340553141,0.3066168133754701,1.1038226547351582
1.7455055055055055,0.707744152469248,0.30986917389469665,1.1056191310437995
1.754164164164164,0.7103255050513718,0.3131707102992151,1.1074802998035285
1.7628228228228229,0.7129646265974282,0.31652190806434827,1.1094073451305082
1.7714814814814814,0.715662351903161,0.3199232786218792,1.1114014251844426
1.7801401401401402,0.7184195157643156,0.3233753594607231,1.113463672067908
1.7887987987987988,0.7212369529766345,0.32687871418169157,1.1155951917715774
1.7974574574574573,0.7241154983358623,0.33043393250504316,1.1177970641666815
1.806116116116116,0.7270559866377437,0.33404163022960337,1.120070343045884
1.8147747747747747,0.7300592526780219,0.33770244914233033,1.1224160562137133
1.8234334334334334,0.7331261312524407,0.34141705687720914,1.1248352056276723
1.832092092092092,0.7362574571567448,0.345186146722572,1.1273287675909178
1.8407507507507508,0.7394540651866781,0.3490104373758932,1.1298976929974631
1.8494094094094093,0.7427167901379842,0.35289067264526264,1.1325429076307056
1.8580680680680681,0.7460464668064078,0.35682762109685046,1.1352653125159653
1.8667267267267267,0.7494439299876923,0.36082207564771923,1.1380657843276654
1.8753853853853852,0.7529100144775821,0.36487485310344014,1.1409451758517242
1.884044044044044,0.756445555071821,0.36898679364011194,1.14390431650353
1.8927027027027026,0.7600513865661528,0.3731587602303921,1.1469440129019135
1.9013613613613614,0.763728343756322,0.3773916380133038,1.1500650494993403
1.91002002002002,0.7674772614380723,0.38168633360761633,1.1532681892685281
1.9186786786786787,0.771298974407148,0.38604377436872533,1.1565541744455707
1.9273373373373373,0.7751943174592929,0.39046490758900115,1.1599237273295846
1.935995995995996,0.7791641253902509,0.3949506996416323,1.1633775511388695
1.9446546546546546,0.7832092329957663,0.3995021350681222,1.1669163309234103
1.9533133133133134,0.7873304750715829,0.4041202156095784,1.1705407345335874
1.961971971971972,0.7915286864134448,0.4088059591820335,1.174251413644856
1.9706306306306305,0.7958047018170961,0.41356039879607037,1.1780490048381218
1.9792892892892893,0.8001593560782809,0.4183845814210806,1.1819341307354811
1.9879479479479478,0.8045934839927428,0.4232795667944497,1.1859074011910358
1.9966066066066066,0.8091079203562264,0.4282464261761128,1.18996941453634
2.0052652652652654,0.8137034999644754,0.4332862410487735,1.1941207588801774
2.013923923923924,0.8183810576132337,0.4384001017642605,1.1983620134622068
2.0225825825825825,0.8231414280982454,0.44358910613632424,1.2026937500601667
2.0312412412412413,0.8279854462152544,0.4488543579803501,1.2071165344501587
2.0398998998998996,0.8329139467600051,0.45419696560025397,1.2116309279197561
2.0485585585585584,0.8379277645282411,0.4596180402229816,1.2162374888335008
2.057217217217217,0.8430277343157069,0.4651186943808987,1.220936774250515
2.065875875875876,0.8482146909181462,0.4707000402423338,1.2257293415939585
2.0745345345345347,0.8534894691313027,0.47636318789055276,1.2306157503720527
2.083193193193193,0.8588529037509212,0.4821092412803886,1.2355965662214536
2.091851851851852,0.8643058295727453,0.48793919234096716,1.2406724668045235
2.10051051051051,0.8698490813925185,0.4938538792789997,1.2458442835060373
2.109169169169169,0.8754834940059857,0.49985412780830907,1.2511128602036623
2.1178278278278277,0.881209817542581,0.5059406779298046,1.2564789571553574
2.1264864864864865,0.8870281252109526,0.5121135916482873,1.261942658773618
2.1351451451451453,0.8929381655680492,0.5183726051840924,1.2675037259520059
2.143803803803804,0.8989396851246192,0.524717451492263,1.2731619187569754
2.1524624624624624,0.9050324303914105,0.531147862193373,1.278916998589448
2.1611211211211208,0.9112161478791717,0.5376635674289492,1.2847687283293943
2.1697797797797795,0.9174905840986511,0.5442642956875474,1.2907168725097549
2.1784384384384383,0.9238554855605972,0.5509497736013678,1.2967611975198265
2.187097097097097,0.9303105987757581,0.557719725713271,1.3029014718382452
2.195755755755756,0.9368556702548817,0.5645738742141169,1.3091374662956465
2.2044144144144147,0.9434904465087165,0.5715119386503205,1.3154689543671125
2.213073073073073,0.9502146740480103,0.5785336356015578,1.3218957124944628
2.2217317317317318,0.9570280993835123,0.5856386780045959,1.3284175207624287
2.23039039039039,0.9639304690259693,0.5928267065199102,1.3350342315320285
2.239049049049049,0.9709215294861316,0.6000972057131588,1.3417458532591044
2.2477077077077077,0.9780010272747462,0.6074496382828795,1.348552416266613
2.2563663663663664,0.9851687089025614,0.61488346747965,1.3554539503254728
2.2650250250250252,0.9924243208803257,0.6223981587291829,1.3624504830314685
2.2736836836836836,0.9997676097187868,0.6299931812040978,1.3695420382334758
2.2823423423423423,1.0071983219286937,0.6376680093433879,1.3767286345139995
2.2910010010010007,1.014716204020794,0.6454221243185956,1.3840102837229924
2.2996596596596595,1.0223210025058365,0.6532550154456653,1.3913869895660076
2.3083183183183182,1.0300124638945696,0.6611661815414087,1.3988587462477304
2.316976976976977,1.0377903346977413,0.6691551322234975,1.4064255371719852
2.325635635635636,1.0456543614260991,0.6772213891529065,1.4140873336992916
2.3342942942942946,1.0536042905903924,0.6853644872176865,1.4218440939630983
2.342952952952953,1.0616398687013686,0.6935839756569834,1.4296957617457537
2.3516116116116113,1.0697608422697764,0.7018794191242274,1.4376422654153256
2.36027027027027,1.0779669578063642,0.7102503986884269,1.4456835169243014
2.368928928928929,1.0862579618218797,0.7186965127725373,1.4538194108712221
2.3775875875875876,1.0946336008270727,0.727217378027944,1.4620498236262014
2.3862462462462464,1.1030936213326894,0.735812630144085,1.4703746125212938
2.394904904904905,1.1116377698494793,0.7444819245923858,1.4787936151065728
2.4035635635635635,1.1202657928881896,0.7532249373036541,1.487306648472725
2.4122222222222223,1.1289774369595698,0.7620413652782237,1.4959135086409159
2.4208808808808806,1.1377724485743674,0.7709309271281966,1.5046139700205383
2.4295395395395394,1.1466505742433308,0.7798933635512045,1.513407784935457
2.438198198198198,1.1556115604772084,0.7889284377352261,1.5222946832191906
2.446856856856857,1.1646551537867489,0.7980359356940874,1.5312743718794104
2.4555155155155157,1.1737811006826993,0.8072156665333723,1.5403465348320262
2.464174174174174,1.1829891476758083,0.8164674626465734,1.5495108327050433
2.472832832832833,1.1922790412768256,0.8257911798414315,1.5587669027122197
2.481491491491491,1.2016505279964969,0.8351866973964923,1.5681143585965014
2.49015015015015,1.2111033543455727,0.8446539180480609,1.5775527906430846
2.4988088088088087,1.220637266834801,0.8541927679077888,1.587081765761813
2.5074674674674675,1.2302520119749294,0.8638031963112669,1.596700827638592
2.5161261261261263,1.239947336276705,0.8734851755980946,1.6064094969553155
2.524784784784785,1.2497229862508785,0.883238700823969,1.616207271677788
2.533443443443443,1.2595787084081957,0.8930637894054454,1.626093627410946
2.5421021021021017,1.2695142492594074,0.9029604806981193,1.6360680178206954
2.5507607607607605,1.2795293553152596,0.9129288355090044,1.6461298751215148
2.5594194194194193,1.2896237730865021,0.9229689355440194,1.6562786106289848
2.568078078078078,1.299797249083883,0.9330808827914929,1.666513615376273
2.576736736736737,1.3100495298181494,0.9432647988426905,1.6768342607936082
2.5853953953953956,1.3203803618000507,0.9535208241503854,1.687239899449716
2.5940540540540544,1.330789491540335,0.963849117226522,1.6977298658541482
2.6027127127127123,1.3412766655497486,0.9742498537800539,1.7083034773194432
2.611371371371371,1.3518416303390435,0.9847232257960641,1.7189600348820229
2.62003003003003,1.3624841324189647,0.9952694405571837,1.7296988242807458
2.6286886886886887,1.3732039183002627,1.0058887196084467,1.7405191169920786
2.6373473473473474,1.3840007344936838,1.0165812976665638,1.7514201713208037
2.646006006006006,1.3948743275099786,1.0273474008051822,1.7624012542147751
2.654664664664665,1.4058244438598926,1.038187045529579,1.7734618421902062
2.663323323323323,1.4168508300541747,1.0491001187911975,1.7846015413171519
2.6719819819819817,1.4279532326035755,1.0600865058489122,1.795819959358239
2.6806406406406404,1.4391313980188407,1.071146092871128,1.8071167031665534
2.6892992992992992,1.4503850728107202,1.0822787677257601,1.8184913778956802
2.697957957957958,1.4617140034899616,1.0934844207248215,1.8299435862551017
2.706616616616617,1.4731179365673128,1.1047629453236505,1.8414729278109752
2.7152752752752756,1.484596618553522,1.1161142387748333,1.8530789983322107
2.7239339339339335,1.4961497959593375,1.1275382027368845,1.8647613891817905
2.7325925925925922,1.5077772152955085,1.1390347438377797,1.8765196867532372
2.741251251251251,1.5194786230727828,1.1506037741934667,1.888353471952099
2.74990990990991,1.531253765801908,1.1622452118814814,1.9002623197223347
2.7585685685685686,1.5431023899936338,1.1739589813698474,1.9122457986174202
2.7672272272272274,1.5550242421587073,1.185745013901403,1.9243034704160116
2.775885885885886,1.5670190688078762,1.1976032478337928,1.9364348897819597
2.784544544544545,1.5790866164518897,1.2095336289353038,1.9486396039684757
2.793203203203203,1.5912266316014954,1.2215361106368003,1.9609171525661904
2.8018618618618616,1.6034388607674421,1.2336106542399912,1.973267067294893
2.8105205205205204,1.6157230504604791,1.2457572290822871,1.9856888718386712
2.819179179179179,1.6280789471913533,1.2579758126585343,1.9981820817241722
2.827837837837838,1.6405062963275683,1.2702663895566437,2.010746203098493
2.8364964964964967,1.653004171857434,1.2826282812579612,2.0233800624569067
2.8451551551551555,1.6655698471043672,1.2950590168456229,2.0360806773631115
2.8538138138138134,1.6782002966566536,1.3075558348864167,2.0488447584268905
2.862472472472472,1.6908924951025825,1.3201159820763413,2.061669008128824
2.871131131131131,1.7036434170304384,1.3327367131096957,2.074550120951181
2.8797897897897897,1.716450037028509,1.345415290507106,2.087484783549912
2.8884484484484485,1.7293093296850803,1.3581489844027976,2.1004696749673633
2.8971071071071073,1.7422182695884385,1.3709350722913864,2.1135014668854906
2.905765765765766,1.7551738313268699,1.3837708387344765,2.1265768239192635
2.914424424424424,1.7681729894886604,1.396653575027308,2.139692403950013
2.9230830830830827,1.7812127186620996,1.409580578825699,2.1528448584985003
2.9317417417417415,1.794289993435472,1.422549153733491,2.166030833137453
2.9404004004004003,1.807401788397064,1.4355566088507117,2.179246967943416
2.949059059059059,1.820545078135162,1.4486002582825837,2.1924898979877403
2.957717717717718,1.8337168372380535,1.461677420609536,2.205756253866571
2.9663763763763766,1.8469140402940245,1.4747854183182842,2.2190426622697648
2.9750350350350354,1.8601336618913615,1.4879215771940626,2.2323457465886603
2.9836936936936933,1.8733726766183498,1.5010832256739755,2.245662127562724
2.992352352352352,1.8866280590632787,1.5142676941614768,2.2589884239650804
3.001011011011011,1.899896783814433,1.527472314301825,2.272321253327041
3.0096696696696696,1.9131758254600995,1.5406944182184366,2.2856572327017624
3.0183283283283284,1.9264621585885653,1.5539313377098662,2.2989929794672643
3.026986986986987,1.9397527577881157,1.5671804034071952,2.3123251121690362
3.035645645645646,1.9530445976470376,1.5804389438914848,2.3256502514025907
3.044304304304304,1.9663346527536176,1.5937042847708605,2.338965020736375
3.0529629629629627,1.9796198976961439,1.6069737477168164,2.3522660476754713
3.0616216216216214,1.992897307062902,1.6202446494591345,2.3655499646666693
3.07028028028028,2.006163855442177,1.633514300738841,2.3788134101455127
3.078938938938939,2.019416517422258,1.6467800052184793,2.3920530296260365
3.0875975975975978,2.0326522675914274,1.6600390583489082,2.4052654768339465
3.0962562562562566,2.0458680805379768,1.6732887461918031,2.4184474148841506
3.1049149149149144,2.0590609308501886,1.6865263441968479,2.431595517503529
3.1135735735735732,2.072227793116352,1.6997491159326643,2.44470647030004
3.122232232232232,2.085365641924755,1.7129543117703034,2.4577769720792064
3.130890890890891,2.098471451863679,1.726139167518121,2.4708037362092368
3.1395495495495496,2.1115421975214153,1.739300903006784,2.4837834920360464
3.1482082082082083,2.1245748534862465,1.7524367206229872,2.4967129863495057
3.156866866866867,2.137566394346463,1.7655438037905133,2.509588984902413
3.165525525525526,2.1505137946903496,1.7786193153970538,2.5224082739836455
3.174184184184184,2.1634140291061907,1.791660396165261,2.5351676620471206
3.1828428428428426,2.176264072182276,1.8046641629663658,2.5478639813981863
3.1915015015015014,2.1890608985068916,1.8176277070746407,2.560494089939142
3.20016016016016,2.2018014826683228,1.8305480923604014,2.573054872976244
3.208818818818819,2.2144827992548577,1.8434222561587534,2.585543342350962
3.2174774774774777,2.227101822854781,1.856246741235052,2.59795690447451
3.2261361361361365,2.239655528056381,1.869017984316327,2.6102930717964345
3.2347947947947944,2.2521408894479413,1.8817324054734128,2.6225493734224696
3.243453453453453,2.264554881617751,1.8943864094951466,2.634723353740356
3.252112112112112,2.276894479154098,1.9069763872186876,2.6468125710895087
3.2607707707707707,2.2891566566452664,1.9194987168174305,2.6588145964731025
3.2694294294294295,2.301338388679543,1.9319497650478432,2.670727012311243
3.2780880880880883,2.3134366498452152,1.9443258884563965,2.682547411234034
3.286746746746747,2.3254484147305687,1.9566234345476932,2.694273394913444
3.295405405405405,2.3373706579238895,1.968838742914739,2.70590257293304
3.3040640640640637,2.349200354013466,1.9809681463321978,2.717432561694734
3.3127227227227225,2.360934477587584,1.9930079718133402,2.728860983361828
3.3213813813813813,2.3725700032345305,2.004954541631294,2.740185464837767
3.33004004004004,2.38410390554259,2.016804174305088,2.7514036367800916
3.338698698698699,2.3955331591000513,2.028553185550872,2.7625131326492305
3.3473573573573576,2.4068547384951993,2.0401978891985633,2.7735115877918353
3.3560160160160155,2.418065618316321,2.0517345980741237,2.7843966385585186
3.3646746746746743,2.4291627731517043,2.0631596248474984,2.79516592145591
3.373333333333333,2.4401431775896345,2.0744692828462217,2.8058170723330473
3.381991991991992,2.4510038062183988,2.0856598868345544,2.816347725602243
3.3906506506506506,2.4617416336262834,2.0967277537579436,2.826755513494623
3.3993093093093094,2.472353634401574,2.107669203452537,2.837038065350611
3.407967967967968,2.4828367831325577,2.1184805593193587,2.8471930069457567
3.416626626626627,2.493188054407521,2.129158148962747,2.8572179598522953
3.425285285285285,2.5034044228147505,2.1396983047925016,2.8671105408369995
3.4339439439439436,2.513482862942535,2.150097364589237,2.876868361295833
3.4426026026026024,2.523420349379157,2.1603516720322595,2.8864890267260543
3.451261261261261,2.533213856712906,2.1704575770439485,2.8959701363818633
3.45991991991992,2.5428603595320673,2.1804113673915912,2.9053093516725434
3.4685785785785788,2.5523568324249277,2.1902091664994856,2.91450449835037
3.4772372372372375,2.5617002499797734,2.1998470960676344,2.9235534038919124
3.4858958958958954,2.5708875867848913,2.2093213081063845,2.932453865463398
3.494554554554554,2.5799158174285686,2.2186279870721077,2.9412036477850294
3.503213213213213,2.58878191649909,2.227763351905027,2.949800481093153
3.5118718718718718,2.5974828585847445,2.2367236579651393,2.9582420592043497
3.5205305305305306,2.6060156182738177,2.2455051988620838,2.9665260376855516
3.5291891891891893,2.614377170154594,2.254104308174798,2.9746500321343903
3.537847847847848,2.622564488815362,2.262517361056795,2.982611616573929
3.546506506506506,2.6305745488444088,2.2707407757229414,2.990408321965876
3.555165165165165,2.63840432483002,2.2787710148137372,2.998037634846303
3.5638238238238236,2.646050791360483,2.286604586633228,3.0054969960877385
3.5724824824824823,2.6535109520979034,2.294238075330699,3.012783828865108
3.581141141141141,2.6607843224526557,2.3016706245494905,3.019898020355821
3.5897997997998,2.667874831255443,2.3089058399367435,3.0268438225741425
3.5984584584584587,2.674786855052906,2.315947824137119,3.033625885968693
3.6071171171171175,2.681524770391687,2.322800729632843,3.040248811150531
3.6157757757757754,2.6880929538184266,2.3294687591553527,3.0467171484815005
3.624434434434434,2.69449578187977,2.3359561659508135,3.053035397808727
3.633093093093093,2.700737631122358,2.3422672538980467,3.0592080083466695
3.6417517517517517,2.7068228780928325,2.348406377477931,3.065239378707734
3.6504104104104105,2.712755899337835,2.3543779415936363,3.0711338570820335
3.6590690690690693,2.718541071404008,2.360186401241594,3.0768957415664224
3.667727727727728,2.7241827708379938,2.365836261033436,3.0825292806425515
3.676386386386386,2.7296853741864338,2.3713320745696347,3.088038673803233
3.6850450450450447,2.7350532579959705,2.376678443665919,3.093428072326022
3.6937037037037035,2.7402907988132466,2.3818800174339883,3.098701580192505
3.7023623623623623,2.7454023731849024,2.3869414912183538,3.103863255151451
3.711021021021021,2.750392357657582,2.39186760539156,3.108917109923604
3.71967967967968,2.7552651287779257,2.3966631440102546,3.113867113545597
3.7283383383383386,2.7600250630925776,2.401332902814681,3.1187172233704743
3.7369969969969965,2.7646765371481763,2.4058815787602876,3.123471495536065
3.7456556556556553,2.7692239274913684,2.4103138617254167,3.12813399325732
3.754314314314314,2.773671610668792,2.4146344713627204,3.132708749974864
3.762972972972973,2.7780239632270916,2.4188481567194753,3.137199769734708
3.7716316316316316,2.782285361712908,2.4229596957694213,3.1416110276563947
3.7802902902902904,2.7864601826728834,2.4269738948594317,3.145946470486335
3.788948948948949,2.7905528026536612,2.4308955880727363,3.150210017234586
3.797607607607608,2.794567598201882,2.434729636510495,3.154405559893269
3.806266266266266,2.7985089458641865,2.438480927493676,3.158536964234697
3.8149249249249246,2.80238122218722,2.442154373687175,3.1626080706872655
3.8235835835835834,2.8061888037176232,2.4457549121482383,3.1666226952870082
3.832242242242242,2.809936067002038,2.449287503301262,3.1705846307028143
3.840900900900901,2.8136273885871064,2.452757129841035,3.174497647333178
3.8495595595595598,2.8172671450194695,2.4561687955665263,3.1783654944724127
3.8582182182182185,2.8208597128457713,2.4595275241472563,3.1821919015442863
3.8668768768768764,2.824409468612652,2.4628383578242654,3.1859805794010385
3.875535535535535,2.8279207888667557,2.466106356047642,3.1897352216858694
3.884194194194194,2.831398050154723,2.4693365940524408,3.1934595062570055
3.8928528528528528,2.8348456290231954,2.4725341613747838,3.197157096671607
3.9015115115115115,2.838267902018817,2.4757041603097747,3.2008316437278594
3.9101701701701703,2.8416692456882284,2.4788517043127056,3.2044867870637512
3.918828828828829,2.8450540365780723,2.4819819163449517,3.208126156811193
3.927487487487487,2.8484266512349894,2.4850999271656926,3.211753375304286
3.9361461461461458,2.8517914662056234,2.488210873570484,3.215372058840763
3.9448048048048046,2.8551528580366146,2.491319896577459,3.2189858194957703
3.9534634634634633,2.8585152032746075,2.494432139561783,3.2225982669874322
3.962122122122122,2.8618828784662425,2.497552746338686,3.2262130105937987
3.970780780780781,2.8652602601581614,2.5006868591952727,3.22983366112105
3.9794394394394397,2.868651724897007,2.5038396168709567,3.2334638329230576
3.9880980980980985,2.872061649229422,2.5070161524862304,3.237107145972614
3.9967567567567563,2.875494409702047,2.510221591419127,3.2407672279849673
4.005415415415415,2.8789543828615245,2.513461049128577,3.244447716594472
4.014074074074074,2.8824459452544966,2.5167396289235184,3.2481522615854748
4.022732732732733,2.885973473427607,2.520062419676388,3.2518845271788255
4.0313913913913915,2.8895413439274944,2.5234344931532022,3.2556481947017866
4.04005005005005,2.8931539333008036,2.526860779825911,3.259447086775696
4.048708708708709,2.896815618094175,2.5303458815256055,3.2632853546627447
4.057367367367367,2.900530774854252,2.533894325396539,3.267167224311965
4.066026026026026,2.904303780127676,2.537510611198372,3.2710969490569797
4.0746846846846845,2.9081390104610896,2.5411992123000453,3.275078808622134
4.083343343343343,2.9120408424011335,2.544964576624191,3.279117108178076
4.092002002002002,2.9160136524944518,2.548811127542505,3.2832161774463984
4.100660660660661,2.9200618172876838,2.552743264722593,3.2873803698527744
4.10931931931932,2.9241897133274737,2.5567653649267745,3.291614061728173
4.1179779779779775,2.9284017171604626,2.5608817827633774,3.295921651557548
4.126636636636636,2.932702205333294,2.5650968513910968,3.300307559275491
4.135295295295295,2.937095554392609,2.5694148831769117,3.304776225608306
4.143953953953954,2.941586140885048,2.5738401703081695,3.3093321114619267
4.152612612612613,2.9461783413572555,2.57837698535936,3.313979697355151
4.161271271271271,2.950876459690024,2.5830295091482767,3.318723410231771
4.16992992992993,2.9556820319159187,2.5877991360314505,3.323564927800387
4.178588588588589,2.960593031187735,2.5926836793067314,3.3285023830687384
4.187247247247247,2.9656071958014474,2.5976806996272295,3.3335336919756653
4.195905905905906,2.9707222640530273,2.6027877402064736,3.338656787899581
4.204564564564564,2.975935974238448,2.608002327124641,3.3438696213522547
4.213223223223223,2.9812460646536816,2.6133219695931462,3.349170159714217
4.221881881881882,2.986650273594702,2.618744160178085,3.354556387011319
4.230540540540541,2.9921463393574816,2.6242663749830064,3.360026303731957
4.2391991991991995,2.9977320002379932,2.6298860737914938,3.3655779266844927
4.247857857857857,3.0034049945322088,2.6356007001699933,3.3712092888944243
4.256516516516516,3.0091630605361024,2.641407681531388,3.376918439540817
4.265175175175175,3.015003936545646,2.6473044133335253,3.3827034597577668
4.273833833833834,3.0209253608568143,2.653288037809647,3.3885626839039817
4.2824924924924925,3.0269250717655773,2.659355505513612,3.3944946380175427
4.291151151151151,3.0330008075679107,2.6655037604268497,3.4004978547089717
4.29980980980981,3.0391503065597854,2.6717297475309723,3.4065708655885985
4.308468468468468,3.0453713070371737,2.678030415447023,3.4127121986273243
4.317127127127127,3.0516615472960504,2.6844027189955875,3.4189203755965134
4.3257857857857855,3.0580187656323874,2.6908436216778204,3.4251939095869544
4.334444444444444,3.0644407003421574,2.6973500980771186,3.4315313026071963
4.343103103103103,3.070925089721333,2.7039191361808532,3.4379310432618126
4.351761761761762,3.077469672065887,2.7105477396213176,3.444391604510457
4.360420420420421,3.0840721856717934,2.717232929834784,3.450911441508803
4.369079079079079,3.0907303688350245,2.7239717481373416,3.4574889895327074
4.377737737737737,3.0974419598515515,2.730761257715982,3.464122661987121
4.386396396396396,3.1042046970173494,2.7375985455332152,3.4708108485014835
4.395055055055055,3.11101631862839,2.744480724143351,3.4775519131134294
4.403713713713714,3.117874562980646,2.751404933418501,3.484344192542791
4.4123723723723725,3.1247771683700925,2.7583683421821847,3.491185994558
4.421031031031031,3.131721873092699,2.7653681497484537,3.498075596436944
4.42968968968969,3.1387064154444393,2.772401587364342,3.5050112435245366
4.438348348348348,3.145728533721286,2.7794659195535028,3.511991147889069
4.447007007007007,3.1527859662192137,2.7865584453588705,3.519013487079557
4.4556656656656655,3.1598764512341937,2.7936764994822783,3.526076402986109
4.464324324324324,3.1669977270622005,2.800817453319043,3.533178000805358
4.472982982982983,3.1741475319992047,2.8079787158855836,3.540316348112826
4.481641641641642,3.1813236043411797,2.815157734638339,3.54748947404402
4.490300300300301,3.1885236823840994,2.8223519961823706,3.5546953685858282
4.498958958958959,3.195745504423936,2.8295590268681874,3.5619319819796846
4.507617617617618,3.2029868087566618,2.8367763932755707,3.5691972242377528
4.516276276276276,3.2102453336782495,2.8440017025833555,3.5764889647731435
4.524934934934935,3.217518817484673,2.8512326028243193,3.5838050321450265
4.533593593593594,3.224804998471906,2.858466783024632,3.5911432139191795
4.542252252252252,3.2321016149359183,2.865701973227463,3.5985012566443735
4.550910910910911,3.2394064051726854,2.8729359444006954,3.6058768659446754
4.55956956956957,3.246717107478179,2.880166508228811,3.613267706727547
4.568228228228229,3.254031460148372,2.8873915167893807,3.6206714035073637
4.576886886886887,3.261347201479237,2.8946088621147243,3.62808554084375
4.585545545545545,3.268662069766748,2.9018164756396336,3.635507663893862
4.594204204204204,3.2759738033068766,2.909012327536159,3.6429352790775944
4.602862862862863,3.283280140395596,2.9161944259367845,3.6503658548544076
4.611521521521522,3.290578819328879,2.9233608160474245,3.6577968226103335
4.6201801801801805,3.2978675784026987,2.930509579151874,3.6652255776535236
4.628838838838839,3.3051441559130277,2.937638831509514,3.6726494803165415
4.637497497497498,3.312406290155838,2.944746723148195,3.6800658571634814
4.646156156156156,3.319651719427103,2.9518314365542992,3.687472002299907
4.654814814814815,3.326878182022797,2.9588911852621385,3.6948651787834557
4.6634734734734735,3.334083416238891,2.9659242123448135,3.7022426201329686
4.672132132132132,3.3412651603713592,2.9729287888087743,3.709601531933944
4.680790790790791,3.348421152716173,2.979903211894236,3.71693909353811
4.68944944944945,3.355549131569306,2.986845803283693,3.724252459854919
4.698108108108109,3.362646835226731,2.993754907220602,3.7315387632328605
4.7067667667667665,3.3697120019844204,3.0006288885402803,3.7387951154285606
4.715425425425425,3.376742370138348,3.00746613061501,3.7460186096616863
4.724084084084084,3.383735677984486,3.0142650332150698,3.7532063227539023
4.732742742742743,3.390689663818807,3.0210240102874084,3.760355317350206
4.741401401401402,3.3976020659372845,3.027741487653369,3.7674626442212
4.75006006006006,3.4044706226358903,3.03441590062673,3.7745253446450504
4.758718718718719,3.411293072210598,3.0410456915530797,3.7815404528681165
4.767377377377377,3.4180671529573803,3.0476293072713023,3.7885049986434582
4.776036036036036,3.4247906031722097,3.0541651964976575,3.795416009846762
4.784694694694695,3.4314611611510606,3.0606518071327073,3.802270515169414
4.793353353353353,3.438076565189904,3.0670875834909643,3.8090655468888435
4.802012012012012,3.444634553584712,3.0734709634529187,3.8157981437165054
4.810670670670671,3.45113286463146,3.079800375538726,3.822465353724194
4.81932932932933,3.45756923662612,3.086074235902514,3.829064237349726
4.827987987987989,3.4639414078646635,3.092290945245963,3.835591870483364
4.8366466466466465,3.4702471166430637,3.0984488856494954,3.842045347636632
4.845305305305305,3.476484101257295,3.104546417319018,3.848421785195572
4.853963963963964,3.482650100003328,3.110581875245927,3.8547183247607286
4.862622622622623,3.488742851177138,3.116553565777738,3.8609321365765377
4.871281281281282,3.494760093074696,3.1224597630963515,3.86706042305304
4.87993993993994,3.5006995639919753,3.1282987056008116,3.873100422383139
4.888598598598599,3.5065590022249498,3.1340685921910243,3.8790494122588752
4.897257257257257,3.5123361460695897,3.139767578448753,3.8849047136904264
4.905915915915916,3.51802873382187,3.145393745907191,3.890663721736549
4.914574574574575,3.523634503777763,3.150944832645962,3.896324174909564
4.923233233233233,3.529151194233242,3.1564183474397316,3.9018840410267526
4.931891891891892,3.5345765434842784,3.161811749542753,3.907341337425804
4.940550550550551,3.539908289826847,3.1671224518042367,3.9126941278494574
4.94920920920921,3.5451441871221694,3.1723478366312023,3.9179405376131364
4.957867867867868,3.5502832578698,3.1774865094211306,3.9230800063184694
4.966526526526526,3.555326712245989,3.1825392179237793,3.9281142065681984
4.975185185185185,3.5602759770869037,3.1875068648729945,3.933045089300813
4.983843843843844,3.56513247922871,3.192390060747624,3.9378748977097957
4.992502502502503,3.5698976455075773,3.1971891918058524,3.942606099209302
5.0011611611611615,3.5745729027596713,3.2019046155207542,3.9472411899985884
5.00981981981982,3.5791596778211634,3.2065366700243354,3.9517826856179914
5.018478478478478,3.5836593975282183,3.2110856784166475,3.956233116639789
5.027137137137137,3.5880734887170047,3.215551952982754,3.9605950244512553
5.035795795795796,3.592403378223691,3.219935799319798,3.964870957127584
5.0444544544544545,3.596650492884444,3.2242375203758766,3.969063465393011
5.053113113113113,3.6008162595354314,3.2284574204016327,3.97317509866923
5.061771771771772,3.604902105012821,3.2325958088148146,3.9772084012108277
5.070430430430431,3.60890945615278,3.23665300397741,3.9811659083281503
5.07908908908909,3.612839739791478,3.2406293368843233,3.9850501426986327
5.0877477477477475,3.6166943827650813,3.244525154761895,3.9888636107682673
5.096406406406406,3.6204748119097583,3.2483408245740995,3.992608799245417
5.105065065065065,3.6241824540616765,3.2520767364336205,3.9962881716897325
5.113723723723724,3.6278187360570024,3.2557333069145917,3.999904165199413
5.122382382382383,3.631385084731906,3.2593109822633033,4.003459187200508
5.131041041041041,3.6348829269225535,3.262810241502809,4.006955612342298
5.1396996996997,3.638313689465113,3.2662315994270545,4.010395779503172
5.148358358358358,3.641678799195752,3.2695756094798503,4.013781988911654
5.157017017017017,3.6449796829506393,3.272842866513837,4.017116499387442
5.165675675675676,3.6482177675659413,3.276034009424408,4.0204015257074746
5.174334334334334,3.6513944798778266,3.279149723653555,4.023639236102098
5.182992992992993,3.6545112467224627,3.282190743558506,4.026831749886419
5.191651651651652,3.657569494936017,3.2851578546401505,4.029981135231884
5.200310310310311,3.6605706513546576,3.288051895626384,4.033089407082931
5.208968968968969,3.6635161428145526,3.290873760405632,4.036158525223473
5.217627627627627,3.666407396151869,3.293624399806158,4.03919039249758
5.226286286286286,3.669245838202774,3.2963048232170213,4.042186853188527
5.234944944944945,3.6720328958034383,3.2989161000469838,4.045149691559893
5.243603603603604,3.674769995790025,3.3014593610180176,4.0480806305620325
5.252262262262263,3.677458564998705,3.3039357992906746,4.050981330706735
5.260920920920921,3.680100030265646,3.3063466714189595,4.053853389112332
5.26957957957958,3.6826958184270153,3.308693298133024,4.056698338721007
5.278238238238238,3.685247356318979,3.310977064948536,4.059517647689422
5.286896896896897,3.687756070777708,3.3131994226021995,4.062312718953216
5.295555555555556,3.6902233886393687,3.3153618873135224,4.065084889965215
5.304214214214214,3.6926507367401262,3.3174660408736125,4.06783543260664
5.312872872872873,3.695039541916153,3.319513530562322,4.070565553269984
5.321531531531532,3.6973912310036128,3.3215060688957907,4.073276393111435
5.330190190190191,3.6997072308386745,3.3234454332069956,4.075969028470353
5.338848848848849,3.701988968257507,3.3253334650624735,4.078644471452541
5.347507507507507,3.7042378700962777,3.3271720695190234,4.081303670673532
5.356166166166166,3.7064553631911523,3.328963214224638,4.083947512157667
5.364824824824825,3.708642874378303,3.3307089283684586,4.086576820388147
5.373483483483484,3.7108018304938923,3.332411301484891,4.089192359502894
5.3821421421421425,3.7129336583740904,3.3340724821175307,4.09179483463065
5.390800800800801,3.7150397848550654,3.335694676348734,4.094384893361397
5.399459459459459,3.717121636772985,3.337280146201044,4.096963127344926
5.408118118118118,3.7191806409640167,3.3388312079168356,4.099530074011198
5.416776776776777,3.7212182242643275,3.3403502301226826,4.102086218405972
5.4254354354354355,3.7232358135100854,3.341839631885075,4.104631995135096
5.434094094094094,3.7252348355374583,3.3433018806641064,4.10716779041081
5.442752752752753,3.7272167171826145,3.344739490171686,4.109693944193543
5.451411411411412,3.729182885281722,3.346155018140799,4.112210752422644
5.460070070070071,3.7311347666709476,3.3475510640120767,4.114718469329818
5.4687287287287285,3.7330737881864597,3.3489302665438636,4.117217309829056
5.477387387387387,3.7350013766644232,3.3502953013514936,4.119707451977352
5.486046046046046,3.7369189589410103,3.351648878381445,4.122189039500576
5.494704704704705,3.738827961852387,3.3529937393253424,4.1246621843794316
5.503363363363364,3.7407298122347195,3.354332654978701,4.127126969490738
5.512022022022022,3.742625936924178,3.3556684225486113,4.1295834512997445
5.520680680680681,3.7445177627569284,3.357003862914187,4.13203166259967
5.529339339339339,3.746406716569138,3.3583418178430806,4.134471615295196
5.537997997997998,3.7482942251969775,3.3596851471667746,4.1369033032271805
5.546656656656657,3.7501817154766126,3.3610367259168674,4.139326705036358
5.555315315315315,3.7520706142442104,3.3623994414238796,4.141741787064541
5.563973973973974,3.7539623483359392,3.363776190379597,4.144148506292281
5.572632632632633,3.7558583445879674,3.3651698758632684,4.146546813312667
5.581291291291292,3.757760029836462,3.3665834043313465,4.148936655341577
5.58994994994995,3.759668830917591,3.3680196825698614,4.151317979265321
5.598608608608608,3.7615861746675225,3.369481614607793,4.1536907347272525
5.607267267267267,3.7635134879224243,3.370972098589136,4.156054877255713
5.615925925925926,3.765452197518463,3.3724939684066437,4.158410426630282
5.624584584584585,3.7674037302918073,3.374049436601399,4.160758023982216
5.6332432432432435,3.7693695130786247,3.3756403026912287,4.163098723466021
5.641901901901902,3.771350972715083,3.3772683131116166,4.16543363231855
5.650560560560561,3.7733495360373497,3.378935168514603,4.167763903560096
5.659219219219219,3.775366629881592,3.380642525636545,4.1700907341266396
5.667877877877878,3.7774036810839804,3.3823919990999887,4.172415363067972
5.676536536536537,3.779462116480679,3.38418516315115,4.174739069810208
5.685195195195195,3.7815433629078576,3.3860235533347747,4.17706317248094
5.693853853853854,3.7836488472016825,3.3879086681081265,4.1793890262952385
5.702512512512513,3.785779996198325,3.389841970395918,4.181718022000732
5.711171171171172,3.7879382367339476,3.391824889088059,4.184051584379836
5.71982982982983,3.790124995644722,3.393858820482192,4.186391170807251
5.728488488488488,3.7923416997668142,3.395945129672772,4.188738269860857
5.737147147147147,3.794589775936393,3.398085151888721,4.191094399984065
5.745805805805806,3.796870650989625,3.400280193781521,4.193461108197729
5.754464464464465,3.799185751762678,3.4025315346655605,4.195839968859795
5.7631231231231235,3.8015365050917214,3.4048404277126947,4.198232582470748
5.771781781781782,3.8039243378129215,3.4072081011026896,4.200640574523153
5.78044044044044,3.8063506767624453,3.40963575913148,4.2030655943934105
5.789099099099099,3.808816948776461,3.4121245832788656,4.205509314274057
5.797757757757758,3.8113245806911396,3.4146757332373956,4.207973428144884
5.8064164164164165,3.8138749993426426,3.4172903479040477,4.210459650781237
5.815075075075075,3.816469631567144,3.4199695463363606,4.212969716797927
5.823733733733734,3.8191099042008076,3.422714428674456,4.215505379727159
5.832392392392393,3.821797244079803,3.42552607703055,4.218068411129056
5.841051051051052,3.8245330780402957,3.428405556347352,4.22066059973324
5.8497097097097095,3.827318832918456,3.4313539152266608,4.223283750610252
5.858368368368368,3.83015593555045,3.434372186729644,4.225939684371256
5.867027027027027,3.8330458127724474,3.437461389149896,4.228630236394999
5.875685685685686,3.835989891420613,3.4406225267606234,4.231357256080602
5.884344344344345,3.838989598331117,3.4438565905370866,4.234122606125148
5.893003003003003,3.8420463603401265,3.4471645588553925,4.23692816182486
5.901661661661662,3.8451616042838075,3.4505473981686916,4.239775810398923
5.91032032032032,3.848336756998331,3.4540060636618604,4.242667450334801
5.918978978978979,3.851573245319862,3.4575414998855205,4.245604990754203
5.927637637637638,3.8548724960845697,3.461154641370392,4.2485903507987475
5.936296296296296,3.85823593612862,3.464846413222794,4.251625459034447
5.944954954954955,3.8616649922881834,3.468617731702091,4.254712252874276
5.953613613613614,3.8651610913994277,3.4724695047809124,4.257852678017943
5.962272272272273,3.868725660298517,3.476402632688747,4.261048687908287
5.970930930930931,3.872360125821621,3.4804180084397083,4.2643022432035345
5.979589589589589,3.8760659148049093,3.484516518345,4.2676153112648185
5.988248248248248,3.879844454084545,3.488699042510677,4.270989865658413
5.996906906906907,3.8836971704967023,3.4929664553213318,4.274427885672073
6.005565565565566,3.887625490877544,3.497319625909989,4.277931355845099
6.0142242242242245,3.891630842063238,3.5017594186149275,4.2815022655115484
6.022882882882883,3.895714650889954,3.5062866934236068,4.285142608356301
6.031541541541541,3.8998783441938603,3.51090230640422,4.2888543819835006
6.0402002002002,3.9041233488111224,3.5156071101251136,4.292639587497131
6.048858858858859,3.9084510915779096,3.520401954062448,4.296500229093372
6.0575175175175175,3.912862999330389,3.5252876849962242,4.300438313664554
6.066176176176176,3.9173604989047273,3.530265147395124,4.304455850414331
6.074834834834835,3.921945017137095,3.535335183790012,4.308554850484178
6.083493493493494,3.9266179808636568,3.540498635136612,4.312737326590701
6.092152152152153,3.931380816920583,3.5457563411671886,4.3170052926739775
6.100810810810811,3.936234952144039,3.551109140731453,4.3213607635566245
6.109469469469469,3.941181813370194,3.556557872126713,4.3258057546136754
6.118128128128128,3.9462228274352174,3.5621033734172634,4.330342281453172
6.126786786786787,3.9513594211752725,3.5677464827430145,4.334972359607531
6.135445445445446,3.956593021426531,3.5734880386173318,4.33969800423573
6.1441041041041045,3.9619250550251577,3.5793288802139687,4.344521229836347
6.152762762762763,3.967356948807323,3.5852698476430405,4.349444049971606
6.161421421421421,3.9728901296091927,3.591311782215876,4.354468477002509
6.17008008008008,3.978525603938575,3.597455106370251,4.359596101506899
6.178738738738739,3.9842621563200864,3.603698022257707,4.364826290382466
6.1873973973973975,3.9900978397689286,3.6100380024478493,4.370157677090008
6.196056056056056,3.996030706855414,3.616472521211517,4.3755888924993105
6.204714714714715,4.002058810149857,3.6229990551722384,4.381118565127476
6.213373373373374,4.008180202222572,3.6296150835003926,4.386745320944752
6.222032032032032,4.014392935643872,3.636318088094799,4.392467783192944
6.2306906906906905,4.0206950629840685,3.643105553751299,4.398284572216838
6.239349349349349,4.027084636813477,3.6499749683181735,4.40419430530878
6.248008008008008,4.033559709702412,3.6569238228379435,4.41019559656688
6.256666666666667,4.040118334221185,3.6639496116753465,4.416287056767023
6.265325325325326,4.04675856294011,3.6710498326310455,4.422467293249175
6.273983983983984,4.053478448429501,3.678221987040815,4.4287349098181865
6.282642642642643,4.060276043259671,3.6854635798598214,4.435088506659522
6.291301301301301,4.067149400000934,3.692772119731607,4.441526680270261
6.29995995995996,4.074096571223604,3.700145119041542,4.448048023405667
6.308618618618619,4.081115609497994,3.7075800939542907,4.454651125041697
6.317277277277277,4.088204567394418,3.715074564435003,4.4613345703538325
6.325935935935936,4.0953614974831885,3.7226260339980395,4.468096960968338
6.334594594594595,4.102584452334621,3.730231797206535,4.474937107462706
6.343253253253254,4.109871484519026,3.7378890479359357,4.4818539211021164
6.351911911911912,4.117220646606718,3.745595020835866,4.48884627237757
6.36057057057057,4.124629991168013,3.753346995238862,4.495912987097164
6.369229229229229,4.1320975707732215,3.7611422969619768,4.503052844584466
6.377887887887888,4.13962143799266,3.768978299996932,4.510264575988388
6.386546546546547,4.14719964539664,3.776852428083337,4.517546862709942
6.3952052052052055,4.154830245555475,3.7847621561598768,4.524898334951073
6.403863863863864,4.162511291039479,3.7927050116883523,4.532317570390606
6.412522522522522,4.170240834418966,3.8006785758458452,4.539803092992086
6.421181181181181,4.178016928264248,3.808680484580494,4.547353371948002
6.42983983983984,4.18583762514564,3.8167084295267166,4.554966820764564
6.4384984984984985,4.193700977633457,3.824760158776159,4.562641796490754
6.447157157157157,4.201605038298007,3.832833477500988,4.5703765990950265
6.455815815815816,4.209547859709611,3.840926248426668,4.578169470992553
6.464474474474475,4.217527494438577,3.8490363921518043,4.586018596725349
6.473133133133134,4.225541995055222,3.8571618873132127,4.593922102797231
6.4817917917917915,4.233589414129856,3.8653007705948195,4.6018780576648926
6.49045045045045,4.241667804232794,3.873451136579628,4.60988447188596
6.499109109109109,4.249775217934353,3.881611137444471,4.617939298424235
6.507767767767768,4.257909707804841,3.889778982497834,4.626040433111848
6.516426426426427,4.266069326414575,3.897952937561649,4.634185715267502
6.5250850850850854,4.274252126333868,3.906131324198343,4.642372928469394
6.533743743743744,4.282456160133033,3.9143125187850814,4.650599801480984
6.542402402402402,4.290679480382383,3.9224949514375433,4.658864009327222
6.551061061061061,4.298920139652232,3.930677104786052,4.667163174518412
6.55971971971972,4.3071761905128945,3.9388575126073047,4.675494868418484
6.5683783783783785,4.315445685534684,3.9470347583152803,4.683856612754087
6.577037037037037,4.323726677287913,3.955207473315344,4.692245881260481
6.585695695695696,4.332017218342894,3.9633743352256756,4.700660101460113
6.594354354354355,4.340315361269943,3.9715340659705776,4.709096656569309
6.603013013013013,4.348619158639374,3.9796854297502655,4.717552887528482
6.6116716716716715,4.356926663021497,3.9878272308918863,4.7260260951511075
6.62033033033033,4.365235926986628,3.9959583115866684,4.734513542386588
6.628988988988989,4.373545003105081,4.004077549517972,4.743012456692189
6.637647647647648,4.381851943947169,4.012183855385118,4.7515200325092195
6.646306306306307,4.390154802083203,4.020276170327669,4.760033433838737
6.654964964964965,4.3984516300835015,4.0283534632547635,4.7685497969122395
6.663623623623624,4.4067404805183745,4.036414724903216,4.777066236133533
6.672282282282282,4.415019405958135,4.044458854619185,4.7855799572970845
6.680940940940941,4.423286458973099,4.052484619646637,4.7940882982995605
6.6895995995996,4.431539692133579,4.0604907769364775,4.80258860733068
6.698258258258258,4.439777158009889,4.068476080551684,4.811078235468094
6.706916916916917,4.447996909172343,4.0764392806974445,4.819554537647241
6.715575575575576,4.456196998191251,4.08437912273585,4.8280148736466515
6.724234234234235,4.46437547763693,4.09229434618514,4.836456609088721
6.732892892892893,4.472530400079693,4.100183683703497,4.844877116455889
6.741551551551551,4.480659818089854,4.108045860057198,4.85327377612251
6.75021021021021,4.488761784237724,4.115879591072951,4.861643977402497
6.758868868868869,4.49683435109362,4.123683582574032,4.869985119613207
6.767527527527528,4.504875571227854,4.1314565292998005,4.878294613155907
6.7761861861861865,4.512883497210739,4.139197113808091,4.886569880613386
6.784844844844845,4.520856181612587,4.1469040053598585,4.894808357865316
6.793503503503503,4.528791677003715,4.1545758587854005,4.90300749522203
6.802162162162162,4.536688035954436,4.162211313331279,4.911164758577592
6.810820820820821,4.544543311035062,4.1698089914872565,4.919277630582867
6.8194794794794795,4.552355554815907,4.177367497792083,4.927343611839731
6.828138138138138,4.560122819867285,4.184885417617282,4.935360222117288
6.836796796796797,4.567843158759509,4.192361315927792,4.9433250015912265
6.845455455455456,4.575514624062893,4.199793736018203,4.951235512107583
6.854114114114115,4.58313526834775,4.207181198223593,4.959089338471906
6.8627727727727725,4.590703144184393,4.214522198603463,4.966884089765323
6.871431431431431,4.598216304143137,4.221815207597607,4.974617400688667
6.88009009009009,4.605672972297964,4.229058840156123,4.982287104439806
6.888748748748749,4.613072723395031,4.236253033503455,4.989892413286607
6.897407407407408,4.620415771697084,4.243398334545982,4.997433208848187
6.906066066066066,4.6277023352918,4.250495231477748,5.004909439105852
6.914724724724725,4.63493263226685,4.257543856390249,5.012321408143451
6.923383383383383,4.642106880709904,4.264544112771043,5.019669648648765
6.932042042042042,4.649225298708639,4.271495863396674,5.026954734020603
6.940700700700701,4.656288104350729,4.278398935255759,5.034177273445699
6.9493593593593594,4.663295515723843,4.285253121988319,5.041337909459367
6.958018018018018,4.670247750915658,4.292058186271717,5.0484373155596
6.966676676676677,4.677145028013847,4.298813862155731,5.055476193871963
6.975335335335336,4.6839875651060785,4.3055198573487345,5.0624552728634225
6.983993993993994,4.690775580280029,4.312175855457307,5.069375305102751
6.9926526526526525,4.697509291623373,4.318781518181005,5.07623706506574
7.001311311311311,4.704188917223782,4.3253364874643685,5.083041346983195
7.00996996996997,4.710814675168929,4.331840387607636,5.089788962730221
7.018628628628629,4.7173867835464875,4.338292827337818,5.096480739755157
7.027287287287288,4.72390546044413,4.344693401841418,5.103117519046842
7.035945945945946,4.73037092394953,4.351041694760022,5.109700153139038
7.044604604604605,4.736783392150361,4.357337280149736,5.116229504150986
7.053263263263263,4.743143083134296,4.363579724405337,5.122706441863254
7.061921921921922,4.749450214989008,4.369768588149735,5.129131841828282
7.070580580580581,4.755705005802169,4.375903428089302,5.135506583515037
7.079239239239239,4.761907673661454,4.381983798835275,5.141831548487632
7.087897897897898,4.7680584366545355,4.388009254691427,5.148107618617644
7.096556556556557,4.7741575128690865,4.393979351407916,5.154335674330257
7.105215215215216,4.780205120392781,4.399893647901082,5.16051659288448
7.113873873873874,4.786201477313289,4.405751707938872,5.166651246687705
7.122532532532532,4.792146801718285,4.411553101791319,5.172740501645252
7.131191191191191,4.798041311695445,4.417297407845387,5.178785215545503
7.13984984984985,4.803885225332442,4.422984214183369,5.184786236481514
7.148508508508509,4.8096787607169444,4.428613120123955,5.190744401309934
7.1571671671671675,4.81542213593663,4.434183737724831,5.196660534148428
7.165825825825826,4.8211155690791685,4.439695693245659,5.202535444912678
7.174484484484484,4.826759278232233,4.445148628570262,5.2083699278942035
7.183143143143143,4.832353481483501,4.450542202586565,5.214164760380438
7.191801801801802,4.837898396920642,4.455876092522925,5.219920701318359
7.2004604604604605,4.84339424263133,4.461149995239468,5.225638490023192
7.209119119119119,4.848841236703238,4.466363628472865,5.23131884493361
7.217777777777778,4.854239597224039,4.47151673203305,5.236962462415028
7.226436436436437,4.859589542281407,4.476609068950353,5.242570015612461
7.235095095095095,4.864891289963014,4.481640426571616,5.2481421533544115
7.2437537537537535,4.870145058356533,4.48661061760372,5.253679499109346
7.252412412412412,4.875351065549638,4.491519481103079,5.2591826499961964
7.261071071071071,4.880509529630002,4.496366883409811,5.264652175850193
7.26972972972973,4.885620668685297,4.501152719025158,5.270088618345436
7.278388388388389,4.890684700803199,4.505876911430957,5.2754924901754405
7.287047047047047,4.895701844071377,4.510539413850053,5.280864274292701
7.295705705705706,4.9006723165775075,4.515140209946601,5.286204423208414
7.304364364364364,4.905596336409263,4.5196793144653,5.291513358353226
7.313023023023023,4.910474121654317,4.5241567738088895,5.296791469499744
7.321681681681682,4.915305890400339,4.528572666553155,5.302039114247523
7.33034034034034,4.920091860735006,4.532927103899041,5.307256617570971
7.338998998998999,4.9248322507459905,4.5372202300615125,5.3124442714304685
7.347657657657658,4.929527278520965,4.541452222594947,5.317602334446982
7.356316316316317,4.9341771621476,4.5456232926551685,5.322731031640032
7.364974974974975,4.938782119713574,4.5497336851981585,5.327830554228989
7.3736336336336334,4.943342369306557,4.553783679115884,5.332901059497231
7.382292292292292,4.9478581290142225,4.557773587309686,5.337942670718759
7.390950950950951,4.952329616924244,4.561703756701934,5.342955477146554
7.39960960960961,4.956757051124295,4.565574568186783,5.3479395340618066
7.408268268268269,4.961140649702045,4.569386436521044,5.352894862883047
7.416926926926927,4.965480630745172,4.5731398101563165,5.357821451334027
7.425585585585585,4.969777212341348,4.576835171013686,5.36271925366901
7.434244244244244,4.974030612578243,4.580473034202453,5.3675881909540335
7.442902902902903,4.978241049543535,4.5840539476845,5.372428151402571
7.451561561561562,4.9824087413248925,4.587578491885928,5.377238990763857
7.46022022022022,4.986533906009994,4.591047279257873,5.382020532762114
7.468878878878879,4.990616761686506,4.594460953788337,5.386772569584675
7.477537537537538,4.994657526442106,4.597820190467103,5.391494862417109
7.486196196196197,4.998656418364465,4.601125694705789,5.396187142023142
7.494854854854855,5.002613655541257,4.6043782017151615,5.4008491093673525
7.503513513513513,5.006529456060157,4.607578475841953,5.405480436278362
7.512172172172172,5.0104040380088355,4.610727309867359,5.410080766150312
7.520830830830831,5.014237619474969,4.6138255242695205,5.414649714680417
7.52948948948949,5.018030418546224,4.616873966452174,5.4191868706402735
7.5381481481481485,5.0217826533102805,4.619873509941846,5.423691796678715
7.546806806806807,5.02549454185481,4.6228250535556965,5.428164030153924
7.555465465465465,5.029166302267481,4.62572952054232,5.4326030839926425
7.564124124124124,5.032798152635972,4.628587857697653,5.437008447574291
7.572782782782783,5.036390311047955,4.631401034458104,5.441379587637806
7.5814414414414415,5.039942995591102,4.634170041972927,5.445715949209277
7.5901001001001,5.043456424353087,4.636895892157944,5.45001695654823
7.598758758758759,5.046930815421582,4.6395796167323615,5.454282014110803
7.607417417417418,5.05036638688426,4.642222266240655,5.4585105075278655
7.616076076076076,5.053763356828797,4.644824909061116,5.4627018045964775
7.6247347347347345,5.057121943342863,4.647388630402782,5.466855256282944
7.633393393393393,5.060442364514131,4.649914531292159,5.470970197736103
7.642052052052052,5.063724838430277,4.6524037275512296,5.475045949309324
7.650710710710711,5.066969583178972,4.654857348767928,5.479081817590016
7.65936936936937,5.070176816847889,4.657276537260255,5.483077096435522
7.668028028028028,5.0733467575247015,4.659662447035092,5.4870310680143115
7.676686686686687,5.076479623297082,4.662016242742544,5.490943003851621
7.685345345345345,5.0795756322527055,4.664339098626566,5.494812165878845
7.694004004004004,5.082635002479245,4.666632197472543,5.498637807485947
7.702662662662663,5.0856579520643725,4.668896729552242,5.502419174576503
7.711321321321321,5.088644699095762,4.671133891566493,5.506155506625031
7.71997997997998,5.091595461661084,4.673344885585829,5.50984603773634
7.728638638638639,5.094510457848013,4.675530917989147,5.51348999770688
7.737297297297298,5.097389905744224,4.677693198400249,5.5170866130882
7.745955955955956,5.100234023437389,4.679832938622155,5.520635108252623
7.754614614614614,5.103043029015181,4.6819513515687605,5.524134706461601
7.763273273273273,5.105817140565273,4.684049650193373,5.527584630937174
7.771931931931932,5.108556576175338,4.686129046413532,5.530984105937144
7.780590590590591,5.111261553933048,4.688190750031303,5.534332357834792
7.7892492492492496,5.113932291926078,4.690235967648206,5.53762861620395
7.797907907907908,5.116569008242102,4.692265901573659,5.540872114910545
7.806566566566566,5.1191719209687925,4.694281748725866,5.544062093211719
7.815225225225225,5.1217412481938185,4.696284699523806,5.547197796863831
7.823883883883884,5.124277208004857,4.698275936768852,5.550278479240863
7.832542542542543,5.126780018489583,4.700256631615052,5.553303405364114
7.841201201201201,5.129249897735665,4.702227707170063,5.5562720883012675
7.84985985985986,5.13168706383078,4.704189655284846,5.559184472376714
7.858518518518519,5.134091734862598,4.706142897262387,5.562040572462809
7.867177177177178,5.136464128918793,4.708087824822907,5.5648404330146795
7.875835835835836,5.13880446408704,4.7100248009875685,5.567584127186512
7.884494494494494,5.141112958455009,4.711954160929107,5.570271755980912
7.893153153153153,5.143389830110379,4.713876212790199,5.5729034474305585
7.901811811811812,5.1456352971408155,4.715791238470565,5.575479355811066
7.910470470470471,5.147849577633997,4.717699494383735,5.5779996608842595
7.9191291291291295,5.150032889677592,4.719601212184264,5.580464567170921
7.927787787787788,5.15218545135928,4.721496599466662,5.582874303251898
7.936446446446446,5.154307480766728,4.723385840436563,5.5852291210968925
7.945105105105105,5.156399195987612,4.7252690965554764,5.587529295419748
7.953763763763764,5.158460815109607,4.727146507159799,5.5897751230594155
7.9624224224224225,5.160492556220381,4.72901819005507,5.5919669223856925
7.971081081081081,5.162494637407612,4.730884242086539,5.5941050327286845
7.97973973973974,5.16446727675897,4.732744739686745,5.596189813831194
7.988398398398399,5.166410692362129,4.734599739401144,5.598221645323115
7.997057057057057,5.168325102304763,4.736449278392669,5.600200926216857
8.005715715715715,5.170210724674545,4.738293374926099,5.602128074422992
8.014374374374373,5.172067777559147,4.740132028832959,5.604003526285335
8.023033033033032,5.173896479046243,4.741965221958143,5.6058277361343425
8.031691691691691,5.1756970472235055,4.7437929185886425,5.607601175858369
8.04035035035035,5.177469700178609,4.745615065865646,5.609324334491571
8.049009009009009,5.1792146559992265,4.7474315941805,5.610997717817953
8.057667667667667,5.1809321327730284,4.749242417555474,5.6126218479905825
8.066326326326326,5.18262234858769,4.75104743401014,5.61419726316524
8.074984984984985,5.184285521530884,4.752846525914048,5.61572451714772
8.083643643643644,5.185921869690285,4.7546395603265,5.617204179054069
8.092302302302302,5.187531611153563,4.756426389324198,5.618636832982928
8.100960960960961,5.189114964008395,4.758206850317467,5.620023077699323
8.10961961961962,5.19067214634245,4.759980766355817,5.621363526329084
8.118278278278279,5.192203376243404,4.76174794642349,5.622658806063317
8.126936936936936,5.193708871798929,4.7635081857258745,5.6239095578719835
8.135595595595595,5.195188851096699,4.7652612659672,5.625116436226198
8.144254254254253,5.196643532224386,4.767006955620554,5.626280108828219
8.152912912912912,5.198073133269665,4.76874501019058,5.627401256348749
8.16157157157157,5.199477872320207,4.7704751724698164,5.628480572170598
8.17023023023023,5.200857967463685,4.772197172789188,5.629518762138183
8.178888888888888,5.202213636787773,4.773910729263319,5.630516544312227
8.187547547547547,5.203545098380145,4.775615548031377,5.631474648728913
8.196206206206206,5.204852570328473,4.777311323494259,5.632393817162687
8.204864864864865,5.20613627072043,4.7789977385483535,5.633274802892506
8.213523523523524,5.207396417643691,4.780674464817067,5.634118370470316
8.222182182182182,5.208633229185926,4.782341162880406,5.634925295491446
8.230840840840841,5.20984692343481,4.783997482503289,5.635696364366331
8.2394994994995,5.211037718478018,4.7856430628634286,5.636432374092607
8.248158158158159,5.212205832403219,4.7872775327793065,5.637134132027132
8.256816816816816,5.213351483298089,4.7889005109387215,5.637802455657456
8.265475475475474,5.214474889250299,4.790511606128969,5.63843817237163
8.274134134134133,5.215576268347524,4.792110417468791,5.639042119226257
8.282792792792792,5.216655838677436,4.793696534643123,5.639615142711749
8.29145145145145,5.217713818327711,4.795269538141029,5.6401580985143935
8.30011011011011,5.218750425386018,4.796828999497575,5.640671851274461
8.308768768768768,5.2197658779400316,4.798374481540197,5.641157274339866
8.317427427427427,5.220760394077426,4.799905538640186,5.6416152495146665
8.326086086086086,5.221734191885875,4.801421716969934,5.642046666801816
8.334744744744745,5.222687489453046,4.802922554766453,5.6424524241396385
8.343403403403403,5.22362050486662,4.80440758260192,5.64283342713132
8.352062062062062,5.224533456214266,4.805876323661634,5.643190588766897
8.360720720720721,5.225426561583657,4.807328294030056,5.643524829137257
8.36937937937938,5.226300039062467,4.808763002985539,5.643837075139396
8.378038038038037,5.227154106738368,4.810179953304146,5.64412826017259
8.386696696696696,5.227988982699035,4.811578641573223,5.644399323824847
8.395355355355354,5.22880488503214,4.812958558515158,5.644651211549123
8.404014014014013,5.229602031825356,4.814319189321767,5.6448848743289455
8.412672672672672,5.230380641166357,4.815660013999911,5.645101268332803
8.42133133133133,5.231140931142816,4.816980507728609,5.645301354557023
8.42998998998999,5.231883119842404,4.818280141228187,5.6454860984566215
8.438648648648648,5.232607425352797,4.8195583811417775,5.645656469563817
8.447307307307307,5.233314065761666,4.820814690429488,5.6458134410938445
8.455965965965966,5.234003259156687,4.822048528775595,5.645957989537778
8.464624624624625,5.234675223625529,4.823259353009069,5.646091094241989
8.473283283283283,5.235330177255868,4.82444661753742,5.646213736974316
8.481941941941942,5.235968338135375,4.825609774794444,5.646326901476307
8.490600600600601,5.236589924351726,4.8267482757015445,5.646431573001908
8.49925925925926,5.237195153992594,4.827861570143066,5.646528737842122
8.507917917917919,5.237784245145649,4.828949107455482,5.646619382835817
8.516576576576577,5.238357415898566,4.830010336930394,5.6467044948667375
8.525235235235236,5.238914884339019,4.831044708331369,5.646785060346669
8.533893893893893,5.2394568685546785,4.832051672424254,5.646862064685103
8.542552552552552,5.239983586633221,4.833030681520949,5.6469364917454925
8.55121121121121,5.240495256662316,4.833981190036191,5.647009323288442
8.55986986986987,5.24099209672964,4.834902655057055,5.647081538402224
8.568528528528528,5.241474324922864,4.835794536924672,5.647154112921056
8.577187187187187,5.241942159329662,4.8366562998276725,5.647228018831652
8.585845845845846,5.242395818037707,4.837487412406835,5.647304223668579
8.594504504504505,5.2428355191346725,4.83828734837011,5.647383689899235
8.603163163163163,5.24326148070823,4.8390555871173495,5.647467374299111
8.611821821821822,5.243673920846055,4.839791614374002,5.647556227318107
8.62048048048048,5.244073057635818,4.840494922832669,5.647651192438968
8.62913913913914,5.244459109165194,4.841165012801686,5.647753205528702
8.637797797797798,5.244832293521856,4.841801392859673,5.64786319418404
8.646456456456457,5.245192828793477,4.842403580514714,5.64798207707224
8.655115115115116,5.24554093306773,4.842971102867292,5.648110763268168
8.663773773773773,5.245876824432287,4.843503497275364,5.64825015158921
8.672432432432432,5.246200720974823,4.8440003120203965,5.648401129929249
8.68109109109109,5.24651284078301,4.844461106973029,5.648564574592992
8.68974974974975,5.246813401944521,4.844885454256649,5.648741349632393
8.698408408408408,5.247102622547029,4.845272938907643,5.648932306186415
8.707067067067067,5.247380720678209,4.845623159530553,5.6491382818258655
8.715725725725726,5.247647914425732,4.845935728946622,5.649360099904842
8.724384384384384,5.247904421877273,4.846210274834095,5.64959856892045
8.733043043043043,5.2481504611205025,4.846446440358622,5.649854481882383
8.741701701701702,5.248386250243097,4.8466438847919795,5.650128615694215
8.75036036036036,5.248612007332726,4.846802284117605,5.650421730547847
8.75901901901902,5.248827950477065,4.846921331621064,5.650734569333067
8.767677677677678,5.249034297763787,4.847000738463972,5.651067857063602
8.776336336336337,5.249231267280564,4.8470402342395,5.651422300321628
8.784994994994996,5.2494190771150695,4.8470402342395,5.651798586722152
8.793653653653653,5.249597945354978,4.8470402342395,5.652197384398947
8.802312312312312,5.24976809008796,4.8470402342395,5.652619341513543
8.81097097097097,5.249929729401691,4.8470402342395,5.653065085788866
8.81962962962963,5.250083081383844,4.8470402342395,5.653535224068849
8.828288288288288,5.250228364122091,4.8470402342395,5.654030341905373
8.836946946946947,5.250365795704105,4.8470402342395,5.654551003173926
8.845605605605606,5.250495594217559,4.8470402342395,5.655097749718972
8.854264264264264,5.250617977750127,4.8470402342395,5.655671101030301
8.862922922922923,5.250733164389482,4.8470402342395,5.656271553951242
8.871581581581582,5.250841372223297,4.8470402342395,5.656899582419547
8.88024024024024,5.2509428193392464,4.8470402342395,5.65755563724189
8.8888988988989,5.251037723825002,4.8470402342395,5.658240145902326
8.897557557557558,5.251126303768236,4.8470402342395,5.658953512405512
8.906216216216217,5.251208777256622,4.8470402342395,5.659696117154819
8.914874874874874,5.251285362377835,4.8470402342395,5.660468316865733
8.923533533533533,5.2513562772195455,4.8470402342395,5.661270444514538
8.932192192192192,5.251421739869428,4.8470402342395,5.662102809322361
8.94085085085085,5.251481968415156,4.8470402342395,5.662965696774334
8.94950950950951,5.251537180944402,4.8470402342395,5.663859368673649
8.958168168168168,5.25158759554484,4.8470402342395,5.664784063230062
8.966826826826827,5.251633430304142,4.8470402342395,5.665739995182287
8.975485485485486,5.251674903309981,4.8470402342395,5.6667273559536575
8.984144144144144,5.25171223265003,4.8470402342395,5.667746313840258
8.992802802802803,5.251745636411965,4.8470402342395,5.668797014230652
9.001461461461462,5.251775332683454,4.8470402342395,5.669879579856175
9.01012012012012,5.251801539552175,4.8470402342395,5.67099411107076
9.01877877877878,5.251824475105799,4.8470402342395,5.672140686159108
9.027437437437438,5.251844357431999,4.8470402342395,5.673319361671885
9.036096096096097,5.251861404618448,4.8470402342395,5.674530172786727
9.044754754754754,5.25187583475282,4.8470402342395,5.6757731336935375
9.053413413413413,5.251887865922788,4.8470402342395,5.677048238002721
9.062072072072072,5.251897716216024,4.8470402342395,5.678355459174803
9.07073073073073,5.251905603720202,4.8470402342395,5.67969475096993
9.079389389389389,5.251911746522994,4.8470402342395,5.681066047915662
9.088048048048048,5.251916362712075,4.8470402342395,5.682469265791501
9.096706706706707,5.251919670375118,4.8470402342395,5.683904302128536
9.105365365365365,5.251921887599795,4.8470402342395,5.685371036722618
9.114024024024024,5.2519232324737795,4.8470402342395,5.6868693321594845
9.122682682682683,5.251923923084744,4.8470402342395,5.688399034350236
9.131341341341342,5.251924177520363,4.8470402342395,5.689959973075589
9.14,5.251924213868308,4.8470402342395,5.691551962537442
